Average turns: 3.647084233261339
Median turns:  4
Max turns:     6

Top 10 hardest words (word, turns):
  wafer: 6
  waver: 6
  awake: 5
  baker: 5
  batty: 5
  billy: 5
  bitty: 5
  boxer: 5
  brake: 5
  brook: 5

All end_turns values:
4, 3, 3, 4, 3, 4, 4, 4, 3, 3, 4, 3, 3, 3, 3, 4, 4, 3, 4, 4, 3, 4, 4, 3, 4, 2, 3, 4, 4, 3, 3, 4, 3, 4, 4, 3, 4, 4, 4, 3, 4, 3, 3, 4, 4, 3, 3, 4, 3, 3, 3, 4, 3, 4, 4, 4, 4, 3, 4, 4, 4, 3, 4, 3, 4, 4, 4, 3, 3, 3, 4, 4, 4, 4, 4, 4, 4, 4, 3, 4, 4, 4, 4, 3, 4, 4, 4, 4, 4, 3, 3, 4, 3, 3, 4, 4, 3, 4, 4, 3, 4, 4, 4, 3, 3, 3, 3, 3, 2, 3, 3, 2, 3, 3, 3, 3, 3, 4, 3, 3, 3, 3, 4, 4, 4, 4, 4, 3, 3, 4, 3, 5, 3, 3, 4, 4, 3, 4, 4, 4, 3, 4, 4, 4, 4, 4, 5, 4, 4, 4, 4, 3, 3, 4, 4, 3, 3, 4, 4, 4, 3, 3, 5, 4, 4, 4, 3, 4, 3, 4, 4, 3, 4, 3, 3, 4, 4, 4, 4, 4, 4, 4, 3, 4, 4, 4, 4, 4, 3, 4, 4, 4, 4, 4, 4, 4, 5, 4, 4, 3, 3, 4, 3, 5, 4, 4, 4, 4, 4, 3, 4, 3, 4, 4, 4, 4, 4, 3, 3, 4, 4, 3, 3, 4, 4, 3, 3, 4, 4, 4, 4, 4, 3, 3, 3, 4, 3, 3, 4, 4, 4, 3, 4, 3, 4, 3, 3, 4, 3, 4, 3, 3, 4, 4, 3, 4, 4, 5, 4, 3, 4, 5, 4, 3, 3, 4, 2, 4, 4, 4, 4, 4, 4, 4, 4, 4, 4, 4, 4, 4, 4, 4, 4, 3, 4, 4, 5, 5, 4, 4, 4, 3, 4, 4, 5, 5, 4, 4, 4, 3, 4, 4, 4, 4, 4, 4, 3, 3, 4, 4, 3, 4, 4, 4, 4, 4, 3, 4, 3, 4, 3, 4, 4, 4, 3, 4, 3, 3, 3, 3, 3, 3, 4, 3, 4, 3, 4, 3, 3, 4, 4, 4, 4, 4, 3, 3, 3, 4, 4, 4, 4, 4, 3, 3, 4, 4, 2, 3, 4, 3, 3, 3, 3, 4, 4, 4, 5, 3, 3, 3, 4, 4, 4, 4, 4, 4, 3, 3, 3, 3, 4, 3, 3, 3, 4, 4, 3, 3, 3, 4, 4, 4, 3, 4, 3, 4, 4, 3, 4, 4, 3, 3, 3, 4, 3, 4, 4, 4, 4, 4, 4, 4, 4, 3, 4, 3, 3, 3, 4, 3, 4, 3, 4, 4, 4, 3, 3, 3, 2, 4, 3, 3, 3, 3, 4, 3, 4, 4, 4, 3, 3, 5, 3, 4, 4, 3, 3, 3, 3, 4, 5, 3, 4, 4, 3, 4, 3, 4, 4, 3, 3, 3, 3, 4, 3, 4, 4, 4, 4, 3, 4, 4, 4, 3, 3, 4, 3, 3, 4, 4, 3, 4, 4, 3, 4, 4, 3, 3, 4, 3, 3, 4, 3, 3, 5, 4, 4, 3, 3, 3, 4, 4, 3, 3, 3, 3, 3, 4, 3, 4, 3, 4, 5, 4, 4, 3, 4, 4, 4, 4, 5, 3, 4, 4, 4, 4, 4, 4, 4, 3, 3, 3, 4, 3, 4, 3, 3, 4, 3, 3, 3, 3, 4, 4, 3, 4, 4, 3, 4, 3, 3, 4, 4, 4, 4, 4, 4, 3, 4, 4, 3, 4, 3, 4, 4, 4, 3, 5, 4, 4, 4, 4, 4, 4, 4, 4, 5, 4, 5, 3, 4, 4, 4, 4, 4, 4, 4, 4, 4, 5, 5, 4, 3, 3, 3, 4, 4, 4, 4, 4, 3, 4, 4, 3, 4, 4, 4, 4, 3, 4, 4, 5, 4, 4, 3, 4, 4, 4, 3, 3, 3, 3, 4, 5, 3, 3, 3, 3, 4, 4, 4, 4, 3, 4, 3, 4, 4, 4, 4, 4, 3, 4, 4, 3, 4, 4, 3, 4, 4, 3, 4, 4, 4, 4, 4, 4, 4, 3, 4, 3, 3, 5, 3, 4, 4, 4, 4, 4, 2, 4, 4, 3, 4, 3, 3, 4, 4, 3, 3, 4, 3, 3, 4, 4, 4, 3, 4, 3, 4, 4, 4, 3, 3, 4, 4, 4, 4, 4, 4, 4, 3, 3, 4, 3, 4, 4, 4, 4, 4, 3, 4, 4, 3, 4, 4, 4, 4, 4, 3, 4, 4, 4, 3, 5, 5, 5, 3, 4, 4, 4, 3, 4, 4, 5, 4, 4, 5, 5, 4, 4, 4, 4, 3, 3, 5, 4, 3, 4, 4, 3, 4, 3, 4, 4, 3, 3, 4, 4, 4, 3, 3, 4, 4, 4, 3, 4, 4, 4, 4, 3, 3, 4, 3, 4, 4, 3, 4, 4, 4, 4, 4, 3, 4, 3, 4, 3, 5, 3, 3, 4, 3, 3, 3, 4, 4, 4, 3, 4, 5, 5, 4, 5, 4, 4, 5, 4, 4, 4, 4, 4, 4, 3, 3, 3, 4, 3, 3, 4, 4, 4, 4, 4, 4, 5, 4, 4, 4, 4, 3, 3, 5, 3, 4, 4, 4, 3, 4, 4, 4, 4, 4, 4, 4, 4, 4, 4, 3, 4, 3, 4, 3, 3, 4, 3, 4, 3, 4, 4, 4, 5, 3, 4, 3, 3, 3, 4, 4, 4, 4, 4, 3, 4, 3, 3, 3, 4, 4, 3, 4, 4, 3, 4, 3, 4, 5, 4, 5, 4, 3, 3, 3, 4, 3, 4, 4, 4, 4, 3, 5, 4, 3, 3, 3, 4, 4, 5, 3, 4, 4, 4, 4, 4, 4, 4, 4, 4, 4, 3, 4, 4, 3, 4, 4, 4, 4, 4, 5, 4, 4, 3, 4, 3, 3, 3, 4, 3, 4, 3, 4, 4, 4, 5, 5, 3, 4, 3, 4, 3, 4, 4, 5, 4, 4, 4, 3, 3, 4, 4, 5, 4, 4, 3, 4, 4, 4, 4, 3, 3, 4, 4, 4, 4, 4, 3, 4, 4, 4, 3, 5, 4, 4, 5, 4, 3, 4, 4, 5, 4, 4, 4, 3, 3, 3, 4, 3, 4, 3, 4, 4, 4, 4, 4, 4, 4, 3, 4, 4, 3, 3, 3, 4, 3, 4, 4, 4, 3, 3, 4, 4, 3, 3, 4, 4, 3, 3, 4, 4, 4, 3, 4, 3, 4, 4, 3, 4, 3, 4, 4, 4, 4, 4, 3, 4, 3, 4, 4, 3, 4, 3, 5, 5, 4, 4, 4, 4, 4, 4, 4, 5, 5, 3, 5, 3, 4, 4, 4, 4, 3, 4, 4, 4, 4, 4, 3, 4, 3, 5, 3, 4, 4, 3, 4, 4, 4, 3, 4, 3, 3, 4, 4, 4, 4, 4, 4, 4, 4, 3, 3, 3, 3, 3, 3, 3, 4, 4, 4, 4, 3, 4, 4, 4, 4, 3, 3, 3, 3, 4, 3, 4, 3, 4, 4, 4, 3, 4, 5, 4, 5, 4, 4, 4, 4, 3, 4, 4, 4, 4, 3, 4, 4, 4, 4, 3, 3, 3, 4, 4, 3, 3, 3, 3, 3, 4, 3, 3, 3, 3, 3, 4, 4, 4, 4, 3, 4, 4, 5, 4, 4, 4, 4, 3, 4, 4, 3, 4, 4, 3, 4, 3, 3, 4, 4, 4, 3, 4, 4, 4, 4, 4, 4, 4, 4, 4, 4, 4, 4, 4, 4, 3, 4, 4, 3, 3, 3, 3, 4, 4, 3, 4, 4, 4, 3, 4, 4, 4, 4, 4, 3, 4, 4, 4, 4, 4, 4, 4, 5, 3, 3, 4, 4, 4, 5, 4, 4, 5, 4, 4, 4, 4, 4, 4, 3, 4, 3, 4, 4, 4, 4, 3, 4, 3, 4, 5, 3, 3, 3, 4, 4, 3, 4, 4, 4, 3, 4, 4, 3, 3, 3, 5, 3, 4, 4, 4, 4, 4, 5, 4, 3, 4, 4, 3, 4, 4, 3, 4, 4, 4, 3, 3, 3, 4, 4, 3, 4, 3, 4, 5, 5, 4, 5, 4, 4, 4, 4, 3, 4, 3, 4, 3, 4, 3, 4, 3, 3, 4, 4, 4, 3, 3, 4, 4, 3, 3, 3, 3, 3, 3, 4, 4, 3, 4, 3, 3, 4, 3, 3, 3, 4, 3, 2, 4, 4, 3, 4, 3, 4, 4, 4, 3, 3, 4, 3, 4, 2, 2, 3, 4, 4, 3, 4, 3, 4, 5, 4, 4, 4, 3, 3, 4, 3, 4, 5, 5, 4, 4, 3, 4, 3, 3, 4, 5, 4, 3, 5, 3, 4, 4, 4, 4, 3, 3, 4, 4, 4, 4, 4, 4, 4, 4, 3, 3, 3, 4, 3, 4, 3, 4, 2, 4, 4, 4, 4, 3, 4, 4, 4, 3, 5, 4, 4, 4, 4, 4, 4, 4, 5, 4, 3, 4, 5, 3, 3, 4, 3, 3, 3, 4, 4, 3, 4, 4, 4, 4, 4, 3, 4, 3, 5, 3, 3, 3, 4, 5, 3, 3, 3, 3, 4, 4, 3, 4, 4, 4, 4, 4, 3, 4, 3, 4, 4, 4, 3, 4, 4, 4, 4, 4, 3, 4, 5, 2, 4, 4, 4, 4, 3, 3, 3, 4, 4, 4, 5, 3, 4, 4, 4, 5, 4, 3, 4, 3, 4, 4, 4, 4, 4, 5, 3, 3, 3, 4, 3, 4, 4, 4, 4, 4, 4, 4, 4, 4, 4, 3, 3, 3, 4, 4, 4, 4, 5, 4, 4, 4, 3, 3, 4, 3, 3, 4, 4, 4, 3, 4, 5, 3, 4, 4, 4, 3, 4, 3, 3, 3, 3, 4, 4, 5, 3, 4, 4, 3, 4, 4, 4, 4, 4, 4, 4, 4, 4, 4, 4, 4, 4, 4, 4, 4, 3, 3, 3, 4, 3, 3, 3, 5, 4, 4, 4, 3, 3, 4, 4, 4, 4, 3, 4, 4, 4, 4, 3, 3, 4, 4, 2, 2, 3, 3, 3, 4, 4, 3, 4, 3, 4, 3, 4, 3, 3, 3, 4, 4, 3, 3, 4, 3, 4, 4, 4, 4, 3, 3, 3, 3, 3, 3, 3, 3, 3, 3, 3, 3, 3, 3, 3, 4, 4, 3, 3, 3, 4, 4, 3, 2, 3, 4, 4, 3, 4, 4, 4, 4, 3, 4, 4, 3, 3, 3, 4, 4, 4, 3, 4, 3, 3, 2, 3, 4, 3, 3, 3, 4, 3, 3, 3, 3, 4, 3, 4, 4, 3, 3, 3, 3, 3, 4, 4, 3, 3, 4, 4, 3, 3, 3, 3, 3, 3, 3, 4, 4, 4, 4, 3, 3, 4, 4, 3, 3, 4, 4, 4, 4, 4, 4, 4, 3, 3, 4, 3, 3, 3, 3, 3, 4, 4, 4, 3, 3, 3, 3, 4, 3, 4, 4, 4, 4, 4, 3, 3, 3, 3, 3, 3, 4, 3, 3, 3, 3, 4, 3, 3, 4, 4, 3, 4, 3, 4, 3, 4, 3, 3, 3, 4, 3, 4, 3, 3, 3, 3, 3, 3, 3, 3, 3, 4, 4, 4, 4, 4, 4, 4, 3, 4, 3, 3, 4, 4, 3, 3, 3, 4, 4, 4, 4, 4, 4, 4, 3, 3, 3, 4, 3, 4, 3, 4, 3, 4, 4, 3, 3, 3, 4, 3, 3, 3, 4, 3, 4, 4, 3, 4, 4, 4, 4, 2, 3, 3, 3, 3, 2, 3, 3, 3, 3, 2, 3, 3, 3, 4, 4, 4, 3, 3, 4, 4, 3, 3, 3, 4, 3, 3, 4, 3, 3, 4, 4, 3, 3, 4, 4, 4, 4, 3, 4, 3, 4, 3, 3, 3, 3, 4, 4, 3, 4, 4, 3, 4, 3, 3, 3, 4, 3, 3, 3, 3, 4, 4, 4, 4, 4, 4, 2, 4, 3, 3, 3, 4, 4, 4, 3, 3, 4, 4, 4, 4, 4, 3, 4, 3, 3, 3, 4, 4, 3, 3, 4, 4, 4, 4, 4, 4, 4, 4, 4, 4, 4, 4, 3, 4, 4, 3, 4, 3, 4, 4, 4, 4, 4, 3, 3, 3, 3, 3, 4, 4, 4, 4, 4, 4, 4, 3, 4, 3, 4, 4, 3, 4, 3, 4, 4, 4, 3, 3, 3, 3, 4, 4, 4, 4, 4, 3, 4, 4, 4, 3, 4, 4, 4, 4, 3, 3, 4, 4, 3, 3, 3, 4, 3, 3, 4, 3, 3, 3, 4, 4, 4, 4, 4, 4, 3, 4, 4, 4, 4, 4, 4, 4, 5, 4, 4, 4, 3, 3, 3, 3, 4, 3, 3, 3, 3, 3, 3, 4, 4, 3, 3, 3, 3, 4, 3, 4, 3, 3, 4, 3, 3, 3, 4, 4, 3, 3, 3, 3, 4, 4, 4, 4, 4, 4, 4, 4, 3, 3, 4, 5, 4, 3, 5, 4, 4, 3, 4, 4, 3, 4, 3, 3, 4, 3, 4, 4, 4, 4, 3, 3, 3, 4, 3, 3, 4, 4, 3, 4, 4, 3, 3, 3, 3, 3, 3, 3, 4, 3, 3, 4, 4, 4, 4, 3, 4, 4, 3, 4, 4, 4, 4, 4, 4, 4, 4, 3, 3, 4, 3, 4, 3, 3, 3, 4, 4, 4, 4, 4, 3, 4, 3, 4, 3, 4, 3, 3, 4, 3, 4, 3, 3, 3, 4, 4, 4, 3, 3, 3, 3, 4, 4, 4, 4, 4, 3, 4, 3, 3, 3, 4, 4, 3, 3, 4, 4, 4, 4, 4, 3, 3, 4, 3, 4, 2, 3, 4, 3, 3, 4, 4, 3, 4, 4, 4, 4, 5, 4, 3, 4, 4, 3, 2, 4, 4, 3, 4, 4, 4, 3, 4, 5, 3, 3, 3, 3, 3, 4, 4, 4, 4, 4, 3, 3, 3, 4, 3, 4, 4, 4, 4, 6, 5, 4, 3, 4, 4, 4, 5, 4, 4, 6, 4, 3, 4, 4, 3, 4, 3, 4, 3, 4, 4, 4, 4, 4, 4, 4, 3, 4, 3, 4, 4, 4, 3, 3, 3, 3, 4, 3, 4, 4, 4, 4, 4, 5, 5, 5, 4, 4, 4, 4, 3, 4, 5, 4, 3, 3, 5, 3, 4, 5, 4, 4, 3, 3, 3, 4, 4, 5, 4, 3, 4, 5, 4, 3, 4, 4, 4, 4, 3, 4, 4, 3, 3, 3, 4, 3, 3, 3, 4, 4