============================================================
BENCHMARK RESULTS
============================================================
Total words tested: 14855
Successful solves: 14811
Failed solves: 44
Average turns: 4.26
Median turns: 4
Max turns: 6

Distribution:
  1 turns:    1 words ( 0.01%)
  2 turns:   42 words ( 0.28%)
  3 turns: 1688 words (11.40%)
  4 turns: 8005 words (54.05%)
  5 turns: 4483 words (30.27%)
  6 turns:  592 words ( 4.00%)

Top 10 hardest:
  naped: 6 turns
  tripe: 6 turns
  glary: 6 turns
  noily: 6 turns
  guilt: 6 turns
  cauda: 6 turns
  bitos: 6 turns
  poney: 6 turns
  lunes: 6 turns
  marry: 6 turns
Saved stats to wordle_stats.txt
Saved histogram to all_words_benchmark_histogram.png

Total words tested: 14855
Successful solves: 14811
Failed solves: 44

Average turns: 4.26
Median turns:  4
Max turns:     6

Distribution:
  1 turns:    1 words ( 0.01%)
  2 turns:   42 words ( 0.28%)
  3 turns: 1688 words (11.40%)
  4 turns: 8005 words (54.05%)
  5 turns: 4483 words (30.27%)
  6 turns:  592 words ( 4.00%)

Top 10 hardest words:
  naped: 6
  tripe: 6
  glary: 6
  noily: 6
  guilt: 6
  cauda: 6
  bitos: 6
  poney: 6
  lunes: 6
  marry: 6

Failed words:
  jells
  coxed
  zings
  foxes
  zests
  jests
  waffs
  wexes
  veges
  zines
  vines
  jacks
  sages
  vills
  joked
  babes
  jills
  jowed
  foxed
  jades
  vexes
  wells
  dowed
  jings
  hoves
  faffs
  hoxes
  doved
  goved
  dooky
  sazes
  fents
  hexes
  binks
  coked
  kacks
  bangs
  lills
  gills
  gangs
  gages
  doozy
  goxes
  fades


All end_turns values:
4, 3, 3, 5, 4, 4, 4, 5, 4, 4, 4, 3, 4, 5, 4, 5, 4, 5, 4, 3, 4, 4, 4, 3, 4, 4, 4, 4, 3, 5, 4, 4, 2, 5, 3, 5, 4, 3, 4, 5, 4, 4, 5, 5, 4, 4, 4, 5, 3, 4, 5, 4, 5, 5, 5, 4, 4, 4, 5, 3, 4, 3, 6, 5, 4, 4, 4, 4, 6, 5, 3, 4, 3, 3, 5, 6, 4, 5, 4, 4, 4, 5, 3, 4, 3, 4, 4, 4, 5, 3, 4, 5, 4, 4, 5, 4, 3, 4, 4, 4, 5, 4, 5, 3, 6, 5, 3, 4, 3, 4, 4, 4, 4, 5, 4, 4, 3, 4, 3, 5, 4, 5, 4, 4, 5, 5, 4, 4, 5, 3, 4, 4, 4, 5, 3, 4, 4, 4, 6, 5, 4, 4, 6, 5, 3, 4, 5, 4, 4, 5, 4, 3, 4, 3, 5, 5, 5, 4, 4, 3, 3, 5, 4, 4, 4, 4, 4, 6, 6, 4, 4, 4, 4, 4, 4, 4, 4, 5, 4, 4, 6, 4, 4, 3, 5, 4, 4, 5, 5, 5, 5, 5, 3, 4, 4, 4, 3, 4, 5, 5, 3, 6, 3, 4, 5, 4, 3, 4, 5, 4, 4, 4, 4, 4, 5, 4, 4, 4, 3, 4, 4, 4, 4, 4, 4, 4, 4, 4, 4, 4, 6, 3, 4, 4, 5, 4, 4, 4, 3, 3, 5, 3, 3, 4, 4, 4, 4, 5, 5, 4, 4, 4, 4, 4, 4, 4, 4, 4, 4, 3, 4, 4, 5, 4, 4, 5, 5, 5, 4, 4, 4, 5, 5, 5, 4, 5, 5, 5, 4, 4, 3, 4, 5, 4, 5, 5, 4, 5, 5, 4, 4, 3, 4, 4, 4, 4, 4, 4, 3, 5, 4, 5, 4, 4, 4, 5, 4, 5, 4, 4, 4, 4, 4, 4, 3, 5, 5, 5, 4, 3, 4, 4, 4, 4, 4, 5, 4, 4, 4, 5, 5, 4, 3, 5, 5, 3, 4, 5, 3, 4, 5, 4, 4, 4, 4, 4, 4, 5, 4, 4, 4, 4, 3, 4, 5, 5, 5, 5, 3, 3, 4, 5, 4, 3, 5, 4, 4, 4, 5, 4, 3, 4, 5, 5, 5, 4, 3, 4, 5, 4, 3, 4, 4, 5, 5, 4, 3, 4, 4, 3, 3, 4, 5, 4, 4, 5, 3, 4, 4, 4, 5, 3, 3, 5, 4, 5, 5, 5, 5, 3, 4, 2, 5, 4, 5, 5, 3, 4, 5, 5, 4, 6, 4, 4, 5, 4, 4, 3, 5, 4, 5, 4, 5, 5, 4, 3, 4, 5, 4, 5, 4, 6, 4, 4, 3, 4, 4, 3, 4, 4, 3, 3, 4, 4, 5, 4, 4, 5, 4, 5, 4, 4, 5, 3, 5, 6, 3, 4, 5, 4, 4, 5, 4, 4, 4, 4, 5, 5, 4, 5, 5, 3, 5, 4, 4, 4, 4, 5, 4, 3, 5, 4, 4, 4, 4, 3, 3, 3, 3, 3, 4, 3, 4, 5, 4, 5, 4, 4, 3, 5, 5, 4, 4, 5, 6, 5, 4, 4, 4, 5, 3, 4, 4, 4, 5, 4, 5, 5, 4, 3, 5, 3, 4, 4, 4, 4, 5, 4, 4, 4, 5, 6, 4, 4, 3, 4, 4, 4, 4, 4, 5, 5, 5, 5, 4, 4, 5, 4, 5, 4, 4, 5, 4, 5, 4, 4, 4, 4, 4, 4, 4, 5, 5, 4, 4, 5, 4, 5, 5, 5, 4, 5, 4, 5, 4, 5, 4, 5, 4, 3, 3, 4, 5, 5, 4, 4, 5, 6, 4, 4, 5, 4, 4, 3, 4, 3, 5, 6, 4, 4, 6, 5, 5, 5, 5, 3, 4, 5, 4, 3, 5, 4, 4, 5, 4, 5, 4, 5, 4, 4, 4, 4, 4, 3, 4, 4, 4, 5, 4, 4, 5, 6, 5, 4, 3, 4, 5, 5, 4, 4, 6, 4, 4, 5, 5, 4, 3, 4, 4, 3, 5, 4, 4, 3, 5, 5, 5, 4, 4, 5, 3, 4, 4, 3, 5, 5, 4, 5, 5, 4, 4, 4, 4, 3, 4, 5, 4, 4, 5, 4, 4, 4, 4, 5, 5, 4, 4, 4, 5, 5, 4, 4, 5, 4, 5, 5, 4, 4, 6, 5, 5, 5, 5, 5, 4, 5, 6, 5, 5, 3, 5, 4, 4, 4, 5, 4, 4, 3, 4, 5, 4, 4, 5, 4, 5, 4, 4, 4, 4, 4, 4, 5, 4, 3, 5, 5, 3, 4, 6, 4, 4, 4, 5, 4, 4, 4, 3, 4, 4, 5, 3, 3, 4, 4, 4, 5, 5, 4, 4, 4, 4, 4, 4, 5, 4, 3, 4, 4, 5, 4, 4, 4, 5, 4, 4, 4, 4, 3, 4, 4, 3, 6, 3, 5, 4, 4, 3, 3, 4, 5, 5, 5, 4, 4, 5, 5, 6, 5, 3, 4, 4, 4, 4, 6, 4, 4, 5, 5, 5, 3, 5, 5, 5, 4, 4, 4, 3, 4, 4, 5, 4, 4, 3, 5, 4, 4, 6, 5, 4, 4, 5, 4, 3, 5, 4, 6, 6, 4, 4, 4, 4, 4, 5, 6, 4, 5, 4, 4, 4, 4, 5, 3, 5, 4, 3, 3, 6, 4, 4, 5, 4, 4, 5, 5, 4, 3, 3, 4, 5, 4, 6, 4, 4, 5, 4, 4, 4, 5, 4, 5, 4, 4, 3, 4, 3, 4, 5, 4, 5, 4, 5, 3, 5, 3, 5, 5, 4, 3, 4, 4, 5, 3, 5, 6, 4, 4, 4, 5, 4, 5, 4, 5, 4, 5, 5, 4, 4, 4, 5, 4, 4, 5, 5, 4, 4, 4, 4, 4, 4, 4, 4, 5, 5, 5, 5, 4, 5, 4, 4, 4, 4, 4, 5, 4, 4, 4, 5, 4, 4, 4, 5, 4, 4, 4, 3, 5, 3, 4, 5, 4, 5, 4, 3, 3, 2, 6, 5, 4, 5, 4, 5, 5, 6, 3, 5, 4, 4, 5, 5, 4, 3, 4, 5, 4, 4, 5, 4, 4, 3, 4, 4, 3, 4, 5, 4, 5, 4, 4, 4, 4, 4, 4, 5, 4, 5, 4, 4, 4, 5, 4, 5, 4, 5, 6, 4, 5, 4, 4, 5, 5, 4, 5, 4, 4, 4, 4, 4, 5, 3, 4, 4, 4, 3, 5, 4, 5, 5, 4, 5, 5, 4, 4, 4, 4, 3, 4, 4, 4, 4, 4, 4, 4, 4, 4, 4, 5, 5, 4, 3, 3, 4, 4, 5, 5, 4, 4, 3, 5, 3, 4, 4, 6, 4, 5, 4, 4, 4, 4, 5, 3, 4, 5, 4, 4, 6, 4, 4, 4, 5, 5, 3, 4, 4, 4, 5, 6, 5, 5, 4, 5, 5, 5, 4, 5, 5, 5, 4, 4, 3, 6, 4, 4, 5, 4, 4, 4, 5, 5, 4, 4, 6, 5, 5, 4, 4, 4, 4, 4, 5, 4, 4, 5, 5, 4, 5, 3, 4, 4, 5, 4, 3, 4, 4, 5, 4, 4, 3, 4, 4, 5, 5, 4, 4, 5, 4, 3, 4, 4, 5, 4, 3, 5, 4, 4, 4, 4, 5, 3, 4, 4, 4, 3, 4, 5, 4, 4, 6, 4, 5, 3, 5, 4, 4, 5, 5, 4, 3, 3, 3, 4, 5, 4, 5, 3, 3, 3, 4, 4, 5, 4, 5, 4, 5, 4, 4, 4, 3, 3, 5, 5, 5, 5, 4, 4, 6, 5, 5, 4, 5, 4, 4, 3, 5, 4, 4, 6, 5, 3, 4, 3, 5, 5, 4, 4, 4, 4, 5, 4, 4, 4, 5, 5, 4, 5, 5, 5, 3, 4, 4, 4, 4, 5, 4, 5, 4, 5, 4, 5, 4, 5, 3, 4, 4, 4, 4, 4, 5, 5, 4, 4, 5, 4, 5, 5, 4, 5, 4, 5, 4, 4, 3, 3, 4, 5, 4, 5, 5, 5, 4, 4, 4, 4, 4, 4, 4, 4, 5, 4, 4, 3, 5, 3, 5, 4, 4, 4, 4, 5, 4, 5, 4, 5, 4, 4, 4, 4, 4, 4, 4, 5, 3, 4, 4, 4, 3, 4, 4, 4, 5, 4, 4, 4, 5, 4, 4, 3, 4, 5, 5, 4, 4, 3, 5, 4, 4, 5, 4, 4, 4, 4, 5, 4, 5, 5, 4, 5, 4, 5, 5, 4, 4, 5, 4, 6, 4, 4, 4, 3, 4, 5, 4, 5, 4, 4, 5, 4, 4, 4, 4, 4, 5, 3, 4, 3, 5, 5, 3, 4, 3, 4, 4, 4, 4, 3, 4, 5, 4, 4, 4, 5, 4, 5, 5, 4, 5, 3, 5, 4, 6, 5, 4, 4, 4, 5, 6, 5, 5, 5, 3, 3, 4, 5, 4, 5, 4, 5, 4, 5, 5, 4, 4, 4, 4, 4, 4, 4, 3, 4, 6, 4, 5, 5, 5, 5, 4, 3, 5, 6, 5, 6, 5, 5, 5, 3, 4, 5, 5, 6, 3, 4, 5, 3, 4, 6, 5, 4, 4, 5, 5, 5, 6, 3, 5, 4, 5, 6, 3, 4, 4, 5, 4, 5, 4, 5, 4, 4, 5, 3, 5, 3, 4, 5, 4, 4, 5, 4, 4, 4, 3, 4, 4, 4, 5, 4, 5, 4, 4, 6, 5, 4, 4, 4, 4, 5, 5, 5, 4, 4, 4, 4, 4, 5, 4, 4, 4, 5, 4, 5, 4, 5, 4, 5, 4, 3, 4, 4, 4, 4, 4, 3, 5, 5, 4, 5, 5, 5, 4, 4, 4, 5, 5, 4, 4, 4, 4, 4, 4, 6, 4, 4, 5, 4, 4, 4, 4, 5, 4, 5, 5, 5, 5, 4, 4, 5, 5, 5, 5, 5, 4, 5, 4, 5, 3, 4, 4, 4, 4, 6, 4, 4, 4, 3, 4, 4, 4, 4, 5, 4, 5, 4, 5, 5, 4, 5, 4, 4, 4, 4, 5, 5, 5, 4, 6, 4, 4, 4, 3, 4, 5, 4, 6, 3, 4, 6, 2, 4, 4, 4, 4, 3, 3, 5, 4, 5, 6, 5, 4, 4, 4, 5, 4, 4, 5, 3, 3, 4, 4, 3, 4, 5, 5, 4, 4, 4, 4, 5, 4, 4, 4, 3, 4, 4, 5, 5, 4, 5, 3, 4, 5, 5, 4, 4, 4, 5, 4, 4, 4, 4, 4, 4, 4, 5, 4, 4, 4, 4, 3, 5, 4, 5, 5, 4, 4, 3, 6, 4, 6, 5, 4, 5, 5, 4, 5, 4, 4, 4, 4, 4, 5, 5, 5, 5, 4, 3, 3, 6, 5, 4, 4, 5, 3, 5, 4, 5, 3, 5, 4, 4, 4, 4, 5, 5, 4, 5, 4, 3, 4, 5, 5, 4, 4, 4, 4, 4, 5, 4, 5, 3, 5, 4, 4, 4, 4, 3, 4, 4, 4, 4, 5, 4, 4, 5, 4, 5, 4, 3, 3, 4, 3, 4, 4, 6, 4, 4, 4, 3, 4, 5, 3, 4, 4, 4, 1, 4, 4, 5, 4, 4, 3, 4, 5, 3, 4, 4, 4, 4, 6, 5, 4, 5, 4, 5, 4, 4, 4, 4, 5, 4, 5, 4, 5, 4, 5, 5, 3, 3, 5, 3, 5, 4, 4, 4, 4, 4, 4, 3, 5, 5, 4, 3, 4, 5, 4, 6, 4, 4, 3, 4, 4, 4, 4, 4, 4, 5, 4, 4, 5, 4, 4, 5, 5, 5, 4, 4, 4, 4, 4, 4, 4, 5, 3, 4, 3, 5, 4, 4, 4, 4, 3, 5, 4, 5, 4, 4, 4, 4, 5, 5, 4, 5, 5, 3, 4, 5, 5, 4, 4, 5, 5, 4, 4, 3, 4, 4, 4, 4, 6, 4, 4, 6, 4, 4, 4, 6, 4, 5, 5, 4, 5, 4, 4, 5, 5, 3, 2, 3, 5, 5, 4, 4, 6, 2, 6, 4, 4, 5, 4, 4, 4, 5, 4, 4, 4, 3, 4, 6, 5, 3, 4, 4, 4, 4, 5, 5, 4, 4, 5, 4, 6, 4, 3, 4, 4, 4, 5, 4, 4, 4, 5, 4, 5, 4, 4, 4, 3, 5, 4, 4, 4, 5, 5, 4, 5, 5, 4, 4, 4, 5, 5, 5, 6, 3, 3, 4, 3, 5, 5, 4, 3, 5, 5, 5, 4, 6, 4, 4, 6, 4, 6, 4, 4, 4, 4, 4, 3, 4, 5, 4, 5, 4, 4, 4, 4, 4, 4, 3, 4, 5, 4, 3, 4, 6, 5, 5, 4, 4, 3, 4, 4, 4, 4, 5, 5, 5, 3, 5, 5, 5, 6, 4, 4, 4, 5, 5, 5, 4, 4, 4, 4, 4, 4, 5, 4, 5, 5, 4, 3, 4, 6, 3, 4, 6, 4, 4, 4, 3, 3, 3, 6, 4, 5, 5, 5, 4, 3, 5, 4, 4, 5, 5, 4, 5, 4, 4, 4, 3, 3, 5, 4, 5, 5, 5, 4, 4, 4, 5, 6, 4, 4, 4, 5, 4, 4, 4, 3, 4, 4, 5, 3, 4, 4, 4, 6, 4, 5, 4, 3, 4, 5, 4, 4, 5, 4, 5, 5, 5, 4, 4, 5, 5, 4, 5, 5, 4, 4, 4, 4, 4, 5, 3, 3, 5, 4, 5, 4, 4, 4, 4, 5, 4, 3, 4, 4, 4, 6, 5, 4, 4, 4, 5, 5, 5, 3, 5, 6, 3, 4, 4, 5, 4, 4, 4, 6, 4, 5, 4, 5, 4, 4, 4, 4, 5, 3, 5, 5, 6, 5, 4, 5, 4, 5, 5, 4, 4, 4, 4, 5, 3, 3, 4, 5, 3, 5, 4, 4, 5, 5, 4, 5, 5, 4, 5, 3, 4, 4, 3, 5, 5, 4, 5, 3, 4, 4, 5, 4, 5, 4, 4, 3, 5, 5, 5, 5, 5, 4, 4, 4, 4, 3, 4, 3, 4, 5, 4, 5, 6, 4, 4, 4, 4, 5, 4, 5, 5, 3, 4, 4, 4, 4, 4, 5, 3, 4, 4, 5, 4, 5, 4, 4, 4, 4, 4, 3, 4, 6, 4, 4, 5, 4, 5, 5, 5, 5, 3, 5, 4, 4, 4, 6, 5, 3, 4, 4, 5, 5, 4, 4, 4, 4, 6, 4, 4, 4, 5, 5, 4, 5, 4, 5, 5, 4, 3, 3, 6, 5, 3, 4, 5, 4, 5, 5, 5, 4, 5, 4, 5, 5, 4, 3, 4, 4, 4, 4, 5, 4, 4, 4, 3, 4, 4, 5, 4, 3, 4, 5, 4, 4, 5, 4, 4, 4, 4, 5, 4, 5, 4, 4, 4, 4, 6, 4, 3, 4, 5, 6, 5, 5, 4, 5, 4, 4, 3, 4, 4, 5, 4, 4, 5, 4, 4, 6, 4, 3, 5, 6, 5, 5, 3, 4, 3, 4, 3, 3, 4, 4, 4, 4, 4, 4, 4, 4, 4, 5, 5, 5, 4, 3, 4, 4, 4, 4, 4, 3, 4, 4, 6, 4, 3, 4, 5, 4, 4, 5, 5, 5, 4, 4, 4, 4, 4, 6, 6, 4, 5, 3, 4, 4, 5, 4, 4, 4, 4, 4, 5, 4, 4, 4, 5, 4, 3, 3, 4, 4, 4, 5, 5, 4, 5, 5, 4, 4, 5, 4, 5, 4, 3, 5, 4, 5, 5, 4, 5, 4, 5, 5, 4, 3, 4, 4, 5, 2, 5, 4, 5, 3, 5, 4, 4, 4, 5, 5, 4, 5, 4, 4, 4, 5, 4, 3, 4, 4, 5, 4, 3, 5, 5, 4, 5, 5, 5, 5, 5, 6, 4, 5, 4, 5, 4, 4, 6, 3, 5, 5, 5, 4, 3, 6, 3, 2, 4, 3, 5, 3, 4, 4, 4, 5, 5, 4, 4, 3, 4, 3, 4, 4, 4, 5, 3, 4, 4, 3, 3, 5, 4, 5, 4, 4, 4, 4, 5, 5, 3, 5, 5, 5, 6, 4, 5, 4, 5, 6, 4, 4, 3, 5, 4, 4, 4, 4, 6, 4, 4, 4, 5, 6, 4, 5, 4, 4, 5, 5, 5, 5, 4, 4, 4, 5, 5, 4, 3, 4, 6, 3, 5, 4, 5, 5, 4, 5, 4, 5, 3, 3, 4, 6, 4, 4, 5, 4, 5, 4, 4, 4, 4, 4, 5, 4, 5, 4, 4, 5, 4, 4, 4, 5, 4, 5, 4, 4, 4, 4, 4, 5, 4, 3, 4, 5, 4, 4, 4, 4, 4, 3, 5, 4, 5, 4, 4, 5, 4, 4, 5, 4, 4, 4, 4, 4, 4, 5, 4, 4, 5, 5, 4, 5, 4, 4, 4, 5, 4, 5, 4, 4, 5, 4, 3, 4, 4, 4, 4, 4, 4, 3, 5, 4, 6, 5, 4, 6, 5, 4, 4, 3, 4, 3, 4, 4, 4, 5, 4, 4, 4, 3, 4, 5, 5, 4, 4, 5, 5, 4, 5, 3, 5, 4, 4, 4, 5, 5, 5, 5, 5, 2, 6, 4, 5, 5, 5, 5, 4, 4, 4, 4, 4, 4, 5, 5, 5, 5, 3, 4, 4, 5, 5, 3, 5, 4, 4, 4, 5, 4, 4, 5, 5, 5, 4, 4, 5, 4, 4, 4, 4, 4, 4, 5, 4, 3, 4, 4, 3, 4, 6, 5, 4, 4, 5, 4, 4, 5, 3, 3, 5, 3, 4, 4, 3, 5, 4, 4, 5, 4, 5, 5, 4, 4, 4, 3, 4, 3, 6, 4, 4, 5, 4, 3, 3, 4, 5, 3, 3, 5, 3, 4, 4, 4, 4, 4, 4, 5, 5, 4, 4, 4, 4, 4, 4, 4, 5, 4, 4, 5, 3, 4, 4, 4, 5, 5, 5, 3, 6, 4, 4, 4, 5, 3, 4, 5, 4, 5, 3, 3, 4, 4, 4, 4, 5, 4, 4, 4, 4, 4, 2, 4, 4, 4, 4, 3, 3, 4, 4, 5, 5, 4, 4, 4, 3, 5, 4, 5, 4, 6, 4, 5, 5, 4, 5, 4, 5, 4, 5, 4, 4, 5, 4, 3, 4, 4, 4, 2, 4, 4, 3, 4, 4, 5, 5, 4, 5, 4, 5, 4, 4, 4, 4, 3, 4, 6, 4, 6, 5, 4, 5, 4, 4, 4, 4, 4, 5, 4, 5, 4, 4, 4, 5, 4, 4, 4, 4, 4, 4, 4, 4, 6, 4, 4, 4, 4, 4, 6, 4, 4, 4, 5, 5, 4, 4, 4, 4, 4, 5, 3, 4, 4, 4, 5, 4, 6, 3, 5, 5, 5, 4, 5, 5, 4, 5, 4, 4, 4, 5, 6, 4, 4, 4, 6, 4, 4, 4, 4, 5, 5, 3, 5, 5, 4, 5, 5, 4, 4, 3, 3, 4, 4, 4, 4, 4, 4, 4, 5, 5, 5, 3, 5, 4, 4, 3, 4, 2, 4, 3, 3, 4, 4, 5, 5, 4, 4, 4, 4, 4, 4, 3, 4, 5, 4, 4, 3, 3, 4, 4, 4, 5, 4, 4, 5, 3, 5, 5, 4, 3, 4, 5, 5, 5, 4, 5, 5, 5, 5, 5, 5, 3, 5, 5, 4, 3, 3, 3, 3, 5, 4, 3, 5, 4, 2, 4, 5, 5, 4, 4, 4, 6, 4, 5, 4, 5, 4, 5, 4, 3, 4, 4, 4, 4, 4, 5, 4, 5, 6, 5, 4, 4, 5, 4, 4, 4, 4, 4, 4, 3, 4, 5, 4, 4, 4, 5, 3, 5, 3, 4, 5, 4, 4, 4, 4, 5, 4, 4, 4, 5, 5, 4, 4, 3, 4, 3, 6, 4, 4, 3, 4, 6, 5, 5, 6, 3, 5, 5, 5, 5, 4, 4, 4, 5, 4, 4, 4, 4, 5, 5, 3, 5, 4, 4, 4, 5, 4, 4, 5, 4, 4, 5, 3, 3, 4, 4, 5, 6, 5, 5, 4, 4, 4, 4, 4, 5, 4, 5, 4, 4, 4, 5, 4, 3, 4, 4, 4, 3, 4, 3, 4, 5, 6, 5, 4, 4, 4, 3, 4, 4, 4, 4, 5, 3, 4, 4, 5, 4, 5, 4, 3, 5, 5, 5, 4, 4, 4, 4, 4, 5, 4, 6, 4, 5, 5, 4, 4, 4, 4, 5, 4, 4, 4, 4, 5, 5, 4, 5, 3, 4, 4, 6, 5, 4, 4, 4, 4, 3, 5, 5, 4, 6, 5, 5, 4, 5, 5, 4, 5, 5, 5, 4, 4, 4, 3, 4, 4, 4, 5, 4, 5, 3, 5, 4, 5, 4, 5, 4, 4, 4, 4, 5, 4, 3, 5, 3, 3, 4, 6, 4, 4, 4, 3, 4, 5, 5, 4, 5, 4, 4, 5, 4, 5, 4, 3, 3, 4, 4, 3, 4, 4, 4, 4, 4, 4, 4, 3, 4, 4, 4, 3, 4, 4, 4, 5, 5, 4, 4, 6, 5, 4, 4, 5, 4, 3, 4, 3, 4, 5, 5, 4, 5, 5, 5, 3, 5, 5, 4, 5, 5, 4, 4, 4, 3, 5, 4, 4, 6, 4, 4, 6, 6, 5, 5, 4, 4, 3, 4, 4, 4, 5, 4, 5, 4, 6, 5, 4, 4, 4, 4, 3, 4, 3, 4, 5, 3, 4, 4, 4, 5, 5, 4, 5, 4, 5, 5, 4, 4, 3, 4, 3, 4, 5, 5, 5, 5, 5, 4, 5, 5, 4, 5, 3, 4, 4, 4, 5, 4, 4, 4, 4, 6, 4, 3, 4, 3, 4, 4, 4, 5, 5, 4, 3, 4, 3, 4, 5, 5, 4, 4, 4, 5, 4, 4, 5, 4, 5, 4, 4, 4, 4, 5, 4, 4, 4, 5, 5, 4, 3, 4, 5, 5, 5, 4, 5, 4, 4, 5, 5, 5, 5, 3, 4, 3, 3, 5, 4, 4, 4, 5, 5, 5, 4, 4, 4, 5, 4, 3, 4, 4, 5, 4, 4, 4, 3, 4, 4, 4, 5, 5, 6, 5, 5, 3, 4, 4, 4, 4, 6, 4, 4, 4, 4, 4, 4, 4, 5, 5, 3, 4, 4, 4, 5, 5, 6, 5, 4, 5, 4, 3, 4, 5, 3, 4, 4, 5, 6, 4, 4, 4, 5, 5, 5, 5, 4, 3, 4, 4, 3, 4, 5, 5, 5, 4, 5, 4, 4, 4, 4, 4, 3, 4, 5, 4, 4, 4, 4, 4, 5, 4, 4, 5, 3, 5, 5, 5, 4, 3, 3, 4, 3, 4, 4, 4, 5, 5, 4, 4, 4, 5, 3, 3, 5, 3, 4, 4, 3, 5, 3, 5, 4, 4, 5, 3, 5, 4, 4, 6, 4, 5, 4, 5, 4, 4, 4, 4, 5, 5, 4, 4, 4, 4, 5, 4, 3, 5, 5, 4, 5, 4, 5, 5, 4, 5, 4, 4, 4, 4, 4, 4, 4, 5, 5, 4, 5, 5, 5, 4, 4, 5, 4, 4, 3, 4, 5, 4, 5, 2, 6, 5, 5, 4, 4, 5, 4, 5, 4, 6, 5, 4, 4, 4, 3, 4, 4, 4, 3, 4, 4, 3, 4, 6, 5, 5, 4, 4, 4, 4, 4, 6, 5, 4, 4, 6, 3, 6, 3, 4, 4, 4, 4, 4, 4, 4, 5, 4, 4, 4, 5, 5, 4, 6, 4, 4, 5, 4, 5, 4, 5, 4, 3, 5, 4, 4, 5, 5, 5, 4, 5, 4, 5, 4, 5, 4, 5, 3, 6, 4, 3, 4, 4, 4, 4, 4, 5, 4, 5, 4, 4, 5, 3, 4, 3, 5, 4, 6, 5, 5, 3, 4, 5, 5, 4, 5, 3, 4, 5, 4, 4, 4, 3, 3, 5, 4, 4, 5, 4, 4, 5, 5, 4, 4, 5, 3, 3, 4, 4, 4, 4, 5, 4, 4, 3, 4, 5, 3, 4, 4, 4, 5, 4, 5, 4, 4, 4, 4, 4, 5, 4, 4, 5, 4, 5, 4, 3, 4, 4, 3, 4, 5, 4, 4, 5, 3, 4, 3, 5, 4, 5, 5, 4, 4, 5, 3, 5, 4, 4, 4, 4, 5, 5, 4, 4, 5, 5, 5, 5, 4, 4, 4, 5, 4, 3, 4, 4, 4, 4, 4, 5, 5, 4, 4, 4, 3, 5, 5, 6, 4, 4, 4, 3, 6, 4, 5, 3, 4, 4, 6, 5, 4, 4, 4, 6, 3, 6, 3, 4, 6, 5, 4, 4, 4, 5, 4, 4, 6, 3, 5, 5, 5, 5, 4, 4, 5, 5, 4, 4, 5, 4, 6, 6, 4, 4, 4, 6, 5, 5, 4, 4, 4, 4, 4, 5, 4, 4, 6, 5, 4, 4, 6, 4, 4, 4, 4, 5, 4, 4, 4, 4, 6, 4, 5, 4, 5, 3, 4, 5, 5, 4, 4, 4, 4, 4, 4, 4, 4, 5, 4, 5, 4, 4, 5, 5, 4, 3, 5, 4, 5, 5, 4, 5, 5, 6, 4, 4, 4, 4, 4, 5, 4, 4, 4, 4, 4, 3, 4, 4, 4, 3, 5, 5, 3, 3, 5, 4, 5, 5, 5, 5, 4, 4, 5, 4, 5, 4, 5, 4, 3, 4, 4, 5, 3, 5, 4, 5, 3, 4, 4, 6, 4, 4, 5, 3, 4, 5, 3, 4, 4, 4, 4, 4, 4, 4, 3, 4, 5, 4, 4, 4, 4, 4, 4, 3, 4, 4, 4, 4, 3, 3, 5, 4, 3, 4, 5, 5, 4, 6, 4, 4, 4, 4, 4, 5, 4, 4, 4, 4, 5, 5, 4, 4, 4, 5, 4, 5, 4, 4, 3, 3, 4, 4, 4, 4, 3, 4, 6, 5, 4, 3, 4, 5, 5, 4, 4, 4, 4, 5, 4, 4, 4, 4, 4, 3, 3, 3, 4, 4, 4, 5, 3, 4, 5, 4, 4, 5, 4, 5, 3, 5, 5, 4, 4, 3, 5, 4, 4, 5, 5, 4, 4, 4, 4, 5, 5, 4, 5, 5, 4, 3, 5, 5, 2, 4, 3, 4, 4, 4, 4, 5, 4, 3, 4, 3, 3, 4, 5, 5, 5, 4, 4, 4, 5, 4, 4, 3, 5, 3, 4, 3, 4, 4, 4, 4, 3, 4, 3, 4, 5, 3, 4, 4, 4, 4, 4, 4, 5, 4, 4, 4, 5, 4, 5, 5, 4, 4, 5, 4, 5, 3, 3, 4, 4, 5, 5, 4, 4, 4, 4, 4, 4, 5, 3, 4, 5, 4, 4, 5, 3, 4, 4, 5, 4, 5, 4, 5, 3, 4, 3, 5, 4, 4, 5, 4, 3, 5, 4, 4, 5, 5, 5, 4, 4, 4, 3, 5, 4, 3, 4, 4, 4, 4, 3, 4, 4, 4, 5, 4, 3, 5, 4, 5, 4, 4, 3, 4, 4, 5, 4, 4, 5, 4, 4, 5, 4, 3, 4, 4, 4, 3, 4, 4, 5, 5, 4, 3, 4, 5, 4, 4, 4, 4, 4, 4, 4, 4, 5, 5, 5, 4, 5, 6, 4, 5, 4, 4, 4, 5, 4, 5, 4, 5, 4, 4, 4, 4, 4, 4, 4, 4, 5, 4, 4, 4, 3, 4, 4, 4, 4, 6, 4, 5, 3, 4, 4, 4, 5, 4, 4, 4, 4, 5, 4, 6, 4, 4, 3, 5, 5, 4, 6, 4, 3, 4, 5, 3, 4, 5, 3, 3, 4, 4, 6, 5, 4, 6, 5, 4, 4, 4, 3, 5, 5, 4, 5, 5, 4, 4, 4, 4, 4, 4, 4, 3, 4, 4, 5, 5, 3, 4, 4, 4, 4, 4, 5, 4, 4, 3, 5, 4, 4, 5, 4, 5, 4, 5, 5, 4, 5, 5, 4, 3, 4, 5, 4, 3, 4, 4, 5, 5, 4, 3, 4, 4, 4, 6, 4, 4, 5, 5, 5, 5, 4, 5, 5, 5, 4, 5, 4, 5, 5, 4, 4, 5, 4, 5, 5, 5, 6, 3, 4, 5, 4, 4, 4, 6, 3, 4, 4, 3, 4, 4, 4, 5, 4, 4, 5, 4, 3, 5, 3, 4, 5, 4, 3, 3, 4, 4, 4, 4, 3, 4, 5, 4, 3, 4, 5, 4, 4, 4, 3, 6, 4, 3, 4, 4, 3, 5, 4, 4, 4, 5, 5, 3, 5, 4, 5, 3, 5, 4, 3, 3, 5, 4, 5, 5, 3, 4, 4, 4, 4, 4, 4, 4, 4, 3, 4, 4, 5, 4, 4, 6, 4, 4, 5, 4, 5, 3, 4, 4, 4, 4, 4, 4, 4, 3, 4, 5, 4, 5, 4, 5, 5, 5, 5, 4, 5, 4, 4, 4, 5, 5, 3, 5, 4, 4, 4, 6, 4, 4, 3, 4, 4, 6, 4, 3, 3, 4, 5, 4, 4, 4, 4, 4, 5, 4, 4, 4, 4, 4, 4, 4, 4, 6, 4, 4, 4, 4, 5, 5, 4, 3, 6, 4, 5, 5, 5, 4, 4, 4, 4, 5, 4, 6, 4, 4, 5, 4, 5, 5, 4, 4, 4, 4, 6, 5, 4, 4, 4, 4, 4, 4, 5, 5, 6, 4, 4, 4, 5, 5, 4, 4, 5, 4, 4, 6, 4, 4, 5, 5, 4, 5, 4, 5, 4, 4, 4, 4, 4, 4, 6, 3, 5, 4, 4, 3, 5, 5, 4, 5, 6, 5, 4, 3, 4, 4, 4, 4, 3, 3, 5, 4, 4, 3, 4, 4, 3, 4, 3, 4, 5, 5, 4, 4, 5, 4, 4, 4, 5, 4, 4, 5, 5, 4, 4, 5, 5, 4, 4, 6, 4, 4, 4, 3, 4, 5, 4, 3, 4, 4, 4, 4, 4, 4, 4, 4, 4, 6, 4, 3, 4, 5, 4, 3, 5, 4, 4, 5, 3, 5, 4, 4, 5, 4, 5, 4, 5, 4, 3, 5, 4, 4, 4, 5, 3, 4, 5, 4, 4, 3, 4, 3, 4, 3, 4, 4, 5, 4, 5, 4, 4, 4, 4, 4, 5, 4, 6, 4, 4, 5, 5, 4, 5, 5, 4, 4, 5, 3, 5, 3, 4, 5, 4, 6, 5, 5, 5, 4, 6, 4, 4, 5, 3, 4, 5, 4, 5, 6, 4, 4, 5, 5, 4, 4, 3, 4, 4, 5, 5, 6, 3, 4, 4, 5, 4, 4, 4, 3, 6, 4, 5, 4, 4, 4, 4, 5, 5, 4, 4, 4, 6, 4, 4, 4, 4, 4, 3, 6, 4, 5, 5, 4, 5, 5, 3, 5, 6, 4, 4, 4, 4, 4, 4, 3, 5, 4, 5, 4, 4, 3, 3, 5, 4, 4, 4, 5, 4, 4, 4, 4, 5, 4, 4, 4, 5, 4, 4, 4, 4, 4, 4, 5, 4, 4, 6, 4, 5, 4, 3, 4, 5, 5, 6, 5, 5, 4, 5, 4, 5, 4, 5, 5, 4, 5, 5, 5, 3, 3, 4, 4, 4, 5, 4, 3, 4, 4, 5, 3, 4, 5, 4, 4, 3, 4, 5, 4, 5, 4, 4, 5, 4, 4, 4, 5, 4, 5, 4, 4, 4, 4, 3, 4, 4, 4, 5, 5, 4, 4, 4, 4, 4, 4, 5, 4, 5, 5, 4, 5, 5, 5, 5, 5, 5, 4, 4, 3, 4, 4, 4, 5, 4, 4, 5, 5, 4, 4, 4, 5, 4, 5, 5, 4, 5, 4, 4, 4, 4, 4, 5, 4, 5, 4, 4, 4, 3, 4, 4, 4, 4, 3, 5, 5, 4, 4, 4, 3, 4, 4, 4, 5, 4, 4, 6, 5, 5, 4, 4, 4, 4, 4, 5, 4, 3, 3, 4, 5, 4, 5, 4, 4, 5, 5, 4, 4, 5, 3, 4, 4, 5, 3, 4, 5, 4, 4, 4, 4, 6, 4, 5, 4, 5, 4, 5, 4, 4, 5, 4, 5, 4, 4, 3, 4, 5, 5, 4, 5, 5, 4, 4, 6, 3, 4, 3, 3, 3, 6, 4, 4, 4, 4, 5, 4, 4, 4, 5, 4, 4, 4, 3, 4, 5, 4, 5, 3, 4, 4, 4, 4, 4, 4, 3, 5, 4, 5, 4, 5, 4, 4, 3, 4, 2, 4, 4, 4, 5, 3, 3, 5, 4, 4, 4, 4, 5, 5, 4, 3, 3, 5, 4, 4, 4, 4, 4, 4, 4, 4, 5, 4, 4, 4, 4, 5, 5, 5, 6, 4, 4, 4, 4, 3, 3, 4, 4, 5, 3, 4, 4, 4, 5, 4, 3, 4, 4, 5, 5, 5, 4, 3, 4, 4, 4, 4, 4, 4, 4, 4, 3, 4, 5, 4, 5, 4, 5, 5, 6, 4, 3, 3, 5, 4, 4, 4, 5, 4, 6, 4, 4, 4, 5, 4, 5, 3, 4, 4, 4, 5, 4, 5, 5, 4, 4, 3, 3, 3, 4, 4, 4, 5, 4, 4, 4, 3, 4, 3, 4, 4, 5, 4, 4, 4, 4, 4, 4, 5, 4, 4, 4, 4, 5, 5, 5, 6, 5, 3, 4, 4, 5, 4, 4, 5, 4, 4, 4, 5, 5, 5, 3, 4, 4, 4, 4, 4, 4, 4, 5, 5, 4, 5, 4, 3, 4, 4, 3, 4, 5, 4, 5, 5, 4, 4, 4, 5, 3, 4, 5, 5, 4, 4, 4, 5, 4, 4, 4, 5, 5, 3, 5, 6, 5, 4, 5, 5, 4, 4, 4, 5, 5, 4, 5, 5, 5, 4, 4, 5, 5, 5, 4, 6, 5, 5, 4, 4, 4, 3, 5, 5, 4, 4, 4, 4, 4, 5, 5, 3, 5, 3, 5, 3, 4, 5, 5, 5, 5, 5, 4, 4, 5, 5, 3, 5, 4, 3, 4, 4, 4, 4, 4, 5, 4, 4, 4, 3, 4, 5, 5, 3, 3, 4, 4, 4, 5, 4, 4, 3, 4, 3, 4, 4, 4, 5, 5, 3, 5, 5, 5, 4, 4, 4, 4, 4, 4, 4, 4, 4, 4, 3, 3, 4, 3, 4, 4, 4, 5, 4, 4, 4, 5, 4, 5, 3, 4, 5, 5, 5, 4, 4, 4, 3, 4, 5, 4, 3, 3, 5, 5, 4, 4, 5, 3, 5, 4, 4, 5, 5, 4, 5, 5, 4, 5, 4, 4, 4, 5, 5, 4, 5, 4, 4, 4, 5, 4, 5, 5, 3, 4, 5, 4, 3, 3, 4, 5, 5, 4, 5, 4, 4, 5, 3, 4, 4, 4, 5, 4, 5, 5, 4, 5, 4, 4, 4, 4, 4, 5, 5, 4, 4, 5, 3, 5, 4, 4, 3, 3, 5, 3, 5, 4, 5, 5, 3, 5, 5, 4, 4, 3, 4, 5, 5, 5, 5, 4, 4, 4, 5, 4, 4, 4, 5, 4, 4, 4, 4, 4, 5, 6, 4, 4, 5, 5, 4, 4, 3, 5, 3, 5, 4, 4, 4, 4, 4, 4, 5, 4, 4, 3, 5, 5, 3, 4, 4, 4, 5, 3, 4, 5, 5, 5, 4, 4, 4, 4, 5, 4, 4, 4, 5, 4, 5, 4, 3, 5, 5, 4, 6, 5, 5, 4, 4, 4, 3, 4, 4, 4, 4, 6, 5, 3, 5, 4, 5, 3, 5, 4, 4, 4, 4, 5, 4, 4, 5, 4, 4, 4, 5, 4, 4, 4, 5, 5, 5, 5, 5, 4, 6, 5, 6, 5, 4, 4, 5, 5, 5, 4, 4, 4, 4, 4, 4, 4, 5, 4, 4, 3, 6, 5, 4, 5, 4, 4, 6, 4, 5, 5, 5, 4, 4, 4, 3, 5, 5, 4, 4, 5, 4, 4, 6, 3, 4, 5, 5, 5, 5, 4, 4, 4, 3, 4, 5, 3, 4, 5, 4, 4, 5, 5, 4, 4, 4, 5, 4, 5, 6, 4, 6, 3, 4, 6, 5, 4, 5, 4, 4, 5, 4, 4, 3, 3, 4, 4, 5, 5, 3, 6, 3, 4, 4, 4, 4, 4, 3, 4, 4, 3, 4, 5, 4, 4, 4, 5, 5, 3, 5, 4, 6, 3, 5, 4, 4, 4, 3, 5, 5, 5, 4, 3, 4, 3, 5, 4, 3, 5, 5, 5, 4, 4, 4, 5, 4, 4, 3, 4, 4, 3, 5, 3, 5, 4, 4, 4, 4, 5, 4, 5, 4, 5, 4, 4, 4, 3, 5, 4, 5, 3, 4, 4, 3, 4, 4, 4, 4, 5, 5, 5, 4, 4, 4, 6, 3, 4, 4, 4, 4, 5, 5, 4, 4, 4, 3, 4, 4, 4, 5, 5, 3, 4, 3, 5, 5, 4, 4, 4, 4, 4, 5, 4, 3, 4, 3, 5, 4, 4, 4, 4, 4, 4, 6, 4, 4, 4, 4, 3, 5, 3, 5, 4, 4, 6, 4, 5, 5, 4, 4, 5, 4, 4, 6, 4, 4, 4, 5, 6, 4, 4, 4, 3, 4, 4, 4, 3, 4, 5, 5, 4, 5, 5, 4, 4, 4, 4, 4, 4, 4, 4, 4, 5, 4, 4, 5, 5, 4, 6, 4, 6, 5, 5, 5, 3, 5, 5, 4, 5, 4, 5, 5, 4, 4, 5, 6, 5, 4, 3, 4, 5, 3, 5, 4, 5, 4, 5, 5, 3, 5, 4, 5, 3, 5, 5, 3, 4, 4, 3, 5, 4, 4, 5, 5, 4, 4, 4, 5, 4, 3, 4, 4, 4, 3, 6, 4, 4, 5, 4, 4, 5, 4, 5, 4, 3, 5, 4, 3, 3, 5, 5, 4, 4, 5, 4, 4, 6, 4, 4, 3, 4, 3, 5, 4, 4, 4, 3, 5, 5, 5, 4, 4, 4, 4, 5, 4, 5, 4, 5, 3, 4, 5, 4, 5, 3, 4, 5, 4, 5, 5, 3, 5, 6, 4, 3, 5, 4, 6, 4, 5, 4, 4, 3, 4, 5, 4, 4, 4, 4, 4, 3, 4, 5, 4, 6, 5, 4, 4, 3, 5, 4, 4, 4, 5, 6, 5, 5, 4, 5, 5, 4, 5, 4, 4, 4, 4, 4, 4, 5, 4, 4, 6, 4, 5, 4, 4, 5, 4, 4, 5, 4, 4, 4, 3, 4, 5, 3, 5, 5, 5, 5, 6, 4, 3, 3, 5, 4, 5, 4, 4, 5, 4, 5, 5, 4, 3, 3, 4, 4, 4, 5, 4, 4, 5, 4, 3, 4, 3, 6, 4, 4, 5, 5, 4, 5, 4, 4, 5, 4, 3, 5, 5, 3, 5, 5, 4, 4, 4, 4, 3, 4, 4, 5, 3, 5, 4, 5, 3, 4, 5, 4, 4, 5, 4, 4, 4, 4, 4, 4, 3, 5, 4, 4, 3, 3, 4, 6, 6, 4, 4, 4, 4, 5, 5, 3, 3, 5, 4, 5, 5, 3, 4, 5, 4, 4, 5, 4, 4, 6, 5, 5, 4, 4, 3, 4, 4, 4, 6, 6, 5, 5, 5, 4, 5, 5, 4, 4, 5, 5, 4, 5, 3, 4, 6, 4, 4, 5, 4, 4, 6, 3, 4, 4, 4, 5, 4, 4, 5, 3, 3, 5, 5, 4, 4, 4, 4, 4, 4, 4, 4, 5, 5, 4, 5, 4, 5, 4, 6, 4, 4, 4, 4, 5, 4, 5, 3, 4, 5, 4, 5, 4, 5, 6, 4, 4, 5, 4, 4, 5, 6, 5, 4, 4, 4, 4, 4, 4, 5, 4, 5, 4, 4, 4, 4, 4, 5, 4, 5, 4, 4, 4, 3, 3, 3, 4, 5, 4, 5, 3, 4, 4, 5, 3, 3, 4, 4, 3, 4, 4, 4, 5, 4, 4, 3, 4, 5, 4, 3, 4, 4, 4, 4, 4, 5, 4, 5, 5, 4, 4, 4, 4, 4, 4, 4, 5, 5, 5, 5, 3, 3, 4, 6, 4, 4, 4, 4, 4, 4, 4, 4, 5, 5, 5, 5, 5, 5, 4, 5, 5, 6, 4, 5, 5, 5, 4, 4, 3, 5, 4, 4, 2, 4, 5, 5, 5, 3, 4, 4, 5, 6, 4, 5, 4, 4, 6, 5, 3, 4, 4, 4, 5, 5, 5, 4, 5, 4, 5, 3, 5, 4, 5, 5, 6, 4, 4, 4, 4, 3, 4, 5, 4, 5, 4, 5, 4, 5, 4, 4, 6, 4, 4, 4, 5, 4, 5, 5, 4, 4, 5, 4, 4, 4, 5, 3, 5, 4, 3, 4, 3, 4, 3, 5, 4, 4, 5, 5, 4, 4, 3, 5, 3, 5, 5, 5, 4, 5, 5, 6, 4, 4, 4, 4, 5, 3, 5, 5, 5, 5, 4, 5, 5, 5, 5, 5, 4, 3, 5, 5, 4, 3, 4, 5, 5, 5, 4, 5, 4, 5, 4, 5, 4, 5, 4, 5, 5, 5, 4, 4, 4, 4, 4, 5, 5, 4, 4, 4, 4, 5, 4, 4, 5, 4, 5, 4, 4, 5, 4, 4, 5, 5, 5, 4, 4, 4, 4, 4, 5, 4, 5, 4, 5, 4, 4, 4, 4, 4, 5, 5, 5, 4, 3, 4, 5, 4, 5, 4, 4, 5, 5, 3, 4, 4, 5, 5, 3, 4, 5, 4, 5, 4, 5, 4, 5, 5, 5, 4, 3, 5, 4, 4, 3, 3, 5, 4, 4, 4, 4, 4, 4, 4, 4, 5, 5, 5, 5, 4, 4, 3, 4, 5, 4, 5, 4, 5, 5, 4, 4, 4, 3, 4, 4, 4, 3, 5, 4, 5, 4, 4, 4, 4, 4, 4, 5, 5, 5, 3, 4, 4, 4, 4, 4, 4, 4, 4, 5, 5, 4, 5, 6, 2, 5, 6, 4, 4, 6, 4, 6, 4, 5, 3, 5, 4, 5, 5, 5, 4, 3, 4, 4, 4, 5, 5, 5, 4, 5, 4, 4, 5, 4, 6, 6, 4, 4, 4, 4, 5, 4, 5, 5, 5, 4, 4, 4, 5, 5, 4, 4, 4, 5, 5, 4, 4, 5, 4, 4, 3, 5, 5, 4, 5, 5, 5, 3, 4, 4, 4, 5, 6, 5, 4, 4, 4, 4, 4, 4, 4, 5, 4, 3, 5, 4, 5, 4, 4, 3, 5, 5, 5, 4, 5, 5, 5, 5, 5, 3, 4, 4, 5, 4, 4, 4, 4, 4, 4, 4, 5, 4, 4, 4, 5, 3, 4, 4, 4, 4, 4, 5, 4, 4, 4, 4, 4, 4, 5, 4, 4, 4, 4, 4, 5, 5, 4, 3, 4, 6, 5, 4, 4, 6, 4, 4, 5, 3, 5, 4, 5, 3, 4, 5, 4, 3, 4, 4, 3, 5, 4, 3, 4, 3, 4, 4, 6, 4, 4, 4, 4, 4, 4, 4, 4, 4, 5, 4, 5, 4, 5, 5, 3, 4, 4, 3, 5, 5, 4, 4, 4, 6, 3, 5, 4, 4, 3, 4, 4, 5, 5, 5, 4, 5, 5, 4, 4, 3, 4, 5, 5, 4, 5, 4, 5, 3, 4, 4, 5, 3, 4, 5, 5, 3, 4, 4, 5, 5, 3, 5, 4, 4, 4, 4, 5, 4, 4, 4, 3, 5, 4, 3, 6, 5, 5, 4, 4, 4, 5, 5, 5, 4, 5, 4, 4, 4, 4, 4, 3, 4, 5, 5, 4, 4, 5, 4, 4, 4, 4, 3, 3, 4, 5, 6, 4, 5, 4, 4, 5, 4, 5, 4, 4, 4, 6, 4, 5, 4, 4, 5, 5, 4, 5, 5, 4, 3, 4, 4, 6, 6, 3, 5, 4, 4, 4, 4, 4, 5, 3, 4, 4, 4, 4, 5, 5, 4, 4, 5, 4, 4, 4, 4, 5, 4, 3, 4, 4, 4, 5, 5, 4, 3, 4, 4, 5, 4, 4, 4, 4, 2, 4, 4, 4, 5, 4, 4, 4, 3, 2, 4, 5, 5, 3, 5, 4, 5, 4, 4, 6, 4, 4, 5, 5, 4, 5, 4, 6, 4, 4, 4, 5, 4, 4, 4, 5, 4, 5, 3, 5, 4, 4, 5, 3, 5, 6, 5, 4, 3, 4, 4, 4, 4, 4, 4, 5, 5, 4, 5, 4, 5, 4, 3, 5, 4, 6, 4, 5, 4, 4, 5, 5, 5, 4, 5, 4, 4, 4, 6, 5, 4, 5, 4, 4, 4, 3, 5, 3, 4, 5, 4, 4, 4, 4, 5, 4, 5, 6, 4, 4, 4, 5, 4, 5, 5, 4, 4, 5, 5, 4, 5, 4, 5, 6, 3, 4, 5, 4, 3, 5, 3, 4, 3, 3, 5, 5, 5, 3, 4, 4, 5, 4, 3, 3, 4, 4, 4, 3, 5, 5, 4, 5, 4, 5, 4, 4, 4, 4, 4, 4, 5, 5, 4, 4, 5, 3, 5, 4, 4, 5, 3, 3, 4, 5, 4, 4, 4, 5, 4, 4, 5, 4, 6, 5, 4, 5, 4, 4, 4, 3, 4, 6, 4, 4, 4, 5, 4, 5, 5, 5, 4, 4, 4, 6, 3, 4, 4, 4, 5, 5, 4, 5, 4, 4, 2, 4, 5, 4, 5, 5, 5, 4, 4, 5, 5, 5, 4, 5, 5, 4, 3, 4, 4, 5, 4, 4, 4, 4, 4, 5, 4, 3, 4, 5, 4, 4, 3, 4, 5, 6, 4, 4, 6, 3, 4, 5, 5, 5, 4, 5, 4, 4, 5, 4, 4, 4, 5, 4, 4, 4, 4, 5, 6, 3, 4, 3, 5, 4, 5, 4, 5, 4, 4, 4, 4, 5, 4, 4, 6, 5, 5, 4, 4, 5, 4, 4, 5, 5, 5, 6, 3, 5, 4, 6, 4, 4, 4, 3, 4, 4, 4, 3, 5, 5, 5, 4, 4, 4, 6, 5, 5, 5, 5, 5, 5, 5, 4, 4, 5, 5, 4, 4, 4, 3, 4, 5, 5, 5, 5, 4, 5, 4, 4, 4, 3, 4, 3, 4, 4, 5, 5, 4, 4, 4, 4, 4, 4, 4, 5, 4, 6, 4, 4, 4, 4, 4, 4, 4, 5, 6, 4, 4, 5, 4, 3, 4, 3, 5, 4, 5, 3, 4, 4, 5, 4, 5, 4, 4, 4, 5, 5, 4, 5, 4, 4, 4, 4, 4, 4, 4, 6, 4, 4, 4, 3, 4, 4, 4, 5, 5, 4, 4, 4, 4, 4, 4, 4, 4, 6, 4, 5, 6, 5, 5, 4, 4, 5, 4, 4, 5, 4, 4, 5, 3, 4, 5, 5, 4, 4, 3, 4, 4, 4, 5, 3, 5, 4, 4, 4, 4, 4, 4, 4, 4, 5, 5, 5, 6, 4, 4, 4, 5, 4, 4, 5, 5, 3, 4, 4, 4, 3, 5, 4, 4, 4, 4, 4, 4, 4, 6, 4, 3, 4, 5, 4, 5, 4, 5, 5, 4, 5, 4, 4, 5, 4, 3, 5, 4, 4, 5, 5, 5, 4, 5, 5, 3, 3, 4, 5, 4, 5, 4, 5, 4, 6, 4, 4, 5, 5, 4, 4, 4, 5, 5, 4, 5, 4, 4, 4, 5, 4, 4, 4, 4, 3, 5, 4, 5, 5, 4, 4, 3, 4, 4, 5, 5, 4, 4, 5, 4, 5, 5, 3, 4, 4, 4, 5, 4, 5, 4, 5, 3, 5, 4, 4, 4, 4, 4, 3, 5, 4, 4, 4, 4, 4, 4, 5, 4, 4, 4, 5, 4, 5, 4, 6, 5, 4, 4, 4, 5, 3, 4, 4, 4, 4, 4, 4, 4, 4, 4, 6, 3, 5, 4, 5, 4, 3, 5, 6, 4, 4, 4, 4, 4, 4, 4, 4, 5, 3, 6, 4, 3, 4, 5, 4, 3, 4, 5, 4, 6, 5, 4, 5, 5, 5, 6, 4, 5, 3, 4, 4, 5, 5, 4, 4, 4, 4, 4, 4, 4, 4, 5, 5, 4, 4, 5, 5, 4, 4, 4, 4, 4, 3, 4, 5, 4, 4, 4, 4, 4, 5, 4, 5, 5, 5, 5, 4, 4, 3, 4, 4, 4, 3, 5, 4, 5, 5, 4, 3, 5, 4, 5, 4, 4, 3, 4, 5, 3, 3, 3, 4, 3, 3, 3, 4, 3, 5, 4, 4, 5, 5, 4, 4, 5, 5, 4, 4, 5, 4, 4, 4, 3, 3, 3, 4, 5, 4, 4, 4, 5, 5, 4, 3, 4, 5, 4, 5, 5, 6, 4, 5, 4, 5, 4, 4, 4, 3, 4, 4, 4, 5, 6, 4, 6, 5, 5, 4, 5, 4, 4, 5, 4, 4, 4, 4, 4, 5, 5, 4, 4, 4, 4, 4, 3, 3, 4, 4, 5, 4, 4, 5, 4, 6, 5, 4, 4, 5, 5, 5, 4, 4, 4, 5, 5, 5, 6, 4, 3, 5, 5, 4, 5, 5, 5, 4, 5, 6, 5, 4, 4, 5, 4, 3, 5, 3, 4, 4, 3, 4, 4, 5, 3, 4, 4, 5, 5, 4, 4, 5, 4, 4, 5, 5, 4, 5, 5, 5, 4, 4, 5, 3, 4, 4, 4, 4, 5, 5, 4, 6, 5, 6, 4, 4, 5, 5, 5, 4, 4, 4, 4, 5, 5, 4, 4, 5, 4, 5, 5, 4, 4, 4, 4, 4, 4, 4, 4, 5, 4, 4, 5, 4, 4, 4, 3, 5, 4, 3, 4, 6, 4, 4, 4, 4, 4, 3, 4, 5, 5, 4, 5, 4, 4, 4, 5, 5, 4, 4, 4, 4, 5, 4, 4, 5, 6, 4, 4, 5, 4, 6, 5, 3, 4, 4, 5, 3, 4, 5, 4, 5, 4, 6, 5, 4, 4, 4, 5, 5, 5, 5, 3, 4, 5, 5, 5, 3, 4, 4, 5, 4, 3, 3, 4, 4, 4, 5, 3, 4, 4, 4, 4, 4, 2, 5, 4, 3, 4, 4, 6, 5, 5, 4, 4, 4, 3, 5, 4, 4, 3, 5, 5, 5, 4, 4, 4, 5, 3, 4, 4, 5, 4, 3, 5, 4, 4, 4, 4, 4, 4, 5, 4, 4, 4, 3, 4, 3, 4, 5, 6, 4, 5, 4, 4, 4, 4, 5, 5, 3, 4, 3, 4, 4, 5, 4, 4, 4, 4, 4, 4, 5, 3, 4, 5, 6, 3, 5, 5, 4, 5, 4, 3, 5, 4, 3, 5, 4, 4, 5, 3, 4, 5, 3, 4, 5, 4, 4, 4, 4, 4, 5, 5, 3, 5, 4, 4, 5, 5, 4, 4, 5, 4, 4, 6, 4, 4, 4, 5, 4, 4, 4, 4, 5, 4, 4, 4, 4, 4, 4, 5, 4, 4, 4, 3, 4, 5, 4, 4, 4, 5, 3, 4, 3, 5, 3, 4, 4, 3, 4, 3, 5, 3, 5, 4, 5, 4, 4, 5, 5, 5, 6, 5, 5, 4, 4, 4, 5, 6, 3, 4, 5, 2, 4, 4, 4, 3, 5, 3, 4, 4, 6, 5, 4, 5, 4, 4, 5, 4, 4, 3, 4, 5, 5, 4, 5, 4, 3, 4, 4, 5, 4, 4, 4, 4, 4, 4, 3, 4, 4, 5, 4, 4, 5, 4, 4, 5, 5, 4, 5, 4, 5, 3, 4, 4, 4, 5, 4, 4, 5, 4, 4, 6, 4, 4, 5, 4, 4, 4, 4, 5, 4, 4, 4, 5, 4, 4, 4, 5, 4, 4, 5, 4, 6, 4, 5, 5, 4, 4, 5, 3, 3, 5, 5, 2, 4, 3, 5, 4, 6, 4, 5, 4, 4, 5, 4, 5, 4, 5, 5, 5, 5, 5, 4, 3, 5, 4, 6, 5, 4, 3, 4, 4, 4, 4, 4, 4, 3, 4, 4, 4, 5, 4, 5, 5, 6, 4, 5, 3, 3, 4, 4, 4, 4, 4, 4, 5, 4, 5, 5, 5, 4, 4, 4, 3, 4, 5, 4, 4, 4, 5, 5, 3, 5, 4, 4, 3, 3, 5, 3, 4, 4, 5, 4, 4, 4, 4, 3, 5, 4, 4, 5, 4, 5, 4, 5, 5, 5, 4, 5, 4, 3, 3, 4, 5, 3, 5, 5, 4, 3, 5, 4, 4, 4, 4, 4, 4, 5, 4, 3, 3, 5, 5, 4, 4, 4, 4, 3, 4, 4, 4, 4, 4, 6, 5, 5, 4, 5, 4, 3, 4, 4, 4, 4, 5, 5, 3, 4, 5, 4, 5, 5, 3, 4, 4, 5, 4, 3, 3, 4, 4, 4, 4, 4, 5, 4, 4, 5, 4, 4, 4, 4, 5, 4, 4, 4, 4, 3, 4, 4, 4, 4, 3, 3, 4, 4, 5, 5, 5, 4, 4, 4, 4, 4, 3, 4, 3, 3, 4, 6, 4, 3, 4, 4, 4, 4, 3, 4, 5, 3, 4, 3, 3, 4, 4, 5, 4, 4, 6, 4, 4, 5, 4, 3, 5, 4, 5, 4, 5, 4, 4, 5, 4, 4, 3, 4, 4, 4, 3, 5, 5, 4, 4, 5, 4, 5, 5, 3, 3, 5, 4, 4, 5, 4, 4, 4, 4, 4, 4, 4, 4, 4, 4, 4, 4, 4, 4, 4, 4, 4, 5, 5, 4, 4, 4, 5, 4, 4, 4, 4, 4, 5, 5, 4, 3, 5, 4, 4, 5, 5, 4, 4, 5, 5, 5, 4, 3, 4, 5, 4, 5, 4, 4, 5, 4, 5, 3, 4, 4, 4, 5, 4, 4, 5, 4, 4, 4, 4, 3, 5, 4, 5, 5, 6, 4, 4, 3, 3, 5, 4, 5, 4, 4, 4, 4, 4, 5, 4, 5, 5, 4, 4, 4, 4, 4, 4, 4, 4, 5, 4, 5, 4, 5, 4, 4, 3, 4, 4, 4, 4, 5, 5, 3, 5, 5, 5, 5, 4, 3, 4, 4, 4, 4, 5, 4, 5, 4, 6, 4, 4, 5, 3, 5, 4, 4, 4, 4, 5, 4, 5, 3, 4, 4, 5, 4, 5, 5, 4, 4, 5, 4, 4, 4, 3, 4, 4, 4, 4, 5, 4, 4, 4, 4, 4, 3, 3, 4, 4, 3, 4, 4, 5, 4, 4, 4, 4, 3, 3, 4, 3, 4, 4, 5, 5, 5, 6, 4, 4, 5, 5, 4, 4, 3, 5, 4, 4, 4, 3, 4, 4, 5, 4, 4, 3, 5, 4, 5, 4, 4, 4, 4, 3, 5, 4, 4, 4, 4, 4, 4, 4, 4, 4, 4, 5, 6, 4, 5, 5, 4, 4, 4, 4, 4, 3, 3, 4, 4, 5, 4, 5, 4, 4, 5, 5, 4, 5, 3, 4, 5, 4, 5, 5, 4, 4, 3, 5, 4, 4, 4, 4, 4, 4, 5, 4, 4, 5, 5, 4, 4, 4, 3, 4, 3, 4, 4, 3, 4, 4, 4, 3, 4, 5, 4, 4, 5, 4, 4, 3, 5, 3, 5, 4, 3, 4, 4, 5, 4, 5, 4, 5, 4, 3, 6, 5, 5, 4, 5, 5, 4, 4, 5, 3, 4, 6, 4, 4, 4, 4, 5, 4, 3, 4, 5, 4, 4, 5, 5, 4, 5, 4, 4, 3, 4, 4, 4, 5, 4, 4, 5, 5, 4, 4, 4, 5, 5, 3, 3, 5, 5, 3, 4, 4, 4, 3, 5, 4, 4, 4, 5, 4, 5, 4, 4, 4, 4, 4, 4, 4, 4, 4, 4, 3, 4, 4, 4, 4, 4, 4, 4, 4, 5, 4, 5, 4, 4, 4, 5, 5, 5, 4, 4, 5, 4, 5, 4, 4, 5, 4, 5, 4, 4, 4, 4, 4, 4, 4, 4, 5, 5, 5, 4, 4, 4, 5, 4, 4, 4, 3, 3, 4, 4, 4, 3, 5, 4, 4, 4, 4, 4, 4, 5, 4, 5, 4, 3, 4, 5, 4, 4, 5, 5, 5, 3, 4, 4, 4, 5, 5, 5, 5, 3, 5, 5, 4, 4, 4, 4, 5, 3, 4, 5, 3, 5, 4, 5, 4, 4, 4, 3, 5, 4, 2, 4, 5, 4, 5, 4, 5, 4, 5, 4, 4, 5, 5, 4, 4, 4, 5, 4, 3, 4, 3, 4, 4, 4, 4, 5, 5, 5, 5, 5, 4, 3, 4, 5, 5, 4, 4, 5, 4, 4, 5, 5, 4, 4, 4, 6, 4, 4, 5, 4, 4, 4, 4, 4, 5, 4, 3, 4, 5, 3, 4, 5, 5, 6, 4, 6, 4, 4, 5, 5, 6, 4, 3, 5, 4, 3, 4, 5, 4, 5, 4, 6, 4, 5, 5, 5, 4, 5, 4, 4, 5, 5, 4, 4, 4, 4, 3, 4, 4, 5, 3, 5, 6, 6, 5, 4, 5, 4, 3, 4, 6, 4, 4, 5, 3, 4, 4, 3, 5, 4, 4, 4, 4, 5, 4, 4, 4, 4, 4, 4, 4, 4, 4, 4, 5, 4, 4, 4, 4, 5, 5, 4, 4, 4, 3, 4, 4, 4, 4, 4, 4, 5, 4, 4, 4, 4, 4, 4, 5, 4, 4, 4, 4, 5, 5, 5, 3, 4, 4, 4, 4, 4, 4, 5, 4, 4, 5, 4, 5, 5, 4, 3, 4, 4, 5, 4, 5, 4, 4, 4, 3, 4, 4, 4, 5, 4, 6, 4, 4, 6, 4, 3, 4, 4, 4, 4, 4, 4, 4, 4, 5, 4, 4, 4, 3, 4, 5, 4, 4, 4, 5, 5, 4, 5, 4, 5, 4, 4, 5, 4, 4, 5, 4, 5, 4, 4, 4, 5, 4, 4, 4, 5, 5, 5, 4, 3, 5, 3, 3, 4, 4, 4, 3, 4, 4, 4, 3, 5, 4, 5, 4, 5, 4, 5, 4, 5, 4, 4, 4, 4, 4, 4, 5, 5, 5, 4, 3, 5, 5, 4, 4, 5, 5, 4, 4, 5, 4, 4, 4, 4, 4, 4, 3, 5, 5, 4, 4, 4, 4, 4, 5, 5, 5, 3, 5, 5, 5, 4, 6, 4, 5, 4, 5, 4, 4, 5, 4, 5, 4, 4, 5, 5, 5, 4, 5, 5, 4, 5, 4, 4, 4, 5, 4, 4, 5, 4, 5, 4, 4, 4, 4, 5, 4, 4, 4, 4, 6, 5, 4, 5, 3, 4, 3, 4, 4, 4, 4, 4, 4, 4, 4, 4, 4, 4, 6, 3, 4, 6, 5, 5, 5, 5, 5, 4, 4, 5, 4, 4, 4, 4, 5, 5, 5, 6, 4, 4, 4, 3, 4, 4, 4, 4, 4, 4, 4, 4, 4, 6, 4, 5, 5, 4, 4, 4, 4, 4, 5, 3, 6, 5, 5, 4, 5, 6, 4, 4, 4, 5, 3, 4, 5, 5, 5, 4, 4, 5, 4, 4, 4, 5, 4, 5, 5, 3, 5, 5, 5, 4, 5, 5, 3, 4, 4, 4, 4, 5, 3, 5, 5, 4, 6, 4, 5, 3, 6, 5, 5, 5, 4, 4, 4, 4, 5, 4, 4, 3, 4, 4, 4, 4, 5, 5, 4, 5, 4, 4, 4, 4, 4, 4, 5, 2, 5, 5, 4, 4, 5, 3, 5, 4, 4, 6, 4, 4, 5, 5, 5, 4, 3, 4, 3, 4, 4, 4, 4, 4, 4, 4, 4, 4, 4, 5, 4, 4, 4, 3, 4, 4, 3, 4, 5, 4, 4, 4, 4, 4, 6, 3, 4, 5, 3, 5, 3, 4, 5, 4, 4, 4, 4, 5, 6, 4, 3, 4, 2, 4, 4, 5, 4, 4, 4, 5, 4, 4, 4, 4, 5, 5, 5, 4, 4, 4, 4, 4, 4, 4, 4, 4, 4, 5, 5, 4, 3, 5, 4, 4, 4, 4, 5, 5, 5, 3, 5, 5, 4, 4, 4, 4, 6, 4, 4, 3, 5, 6, 4, 4, 4, 3, 4, 4, 4, 4, 4, 4, 4, 5, 4, 4, 3, 4, 5, 4, 4, 3, 4, 4, 5, 4, 3, 4, 5, 4, 4, 4, 5, 4, 5, 4, 4, 5, 5, 4, 5, 5, 5, 5, 5, 5, 4, 3, 4, 4, 5, 3, 6, 4, 4, 4, 5, 5, 4, 5, 4, 4, 5, 4, 4, 4, 4, 4, 6, 4, 3, 5, 4, 5, 4, 4, 4, 4, 3, 4, 6, 3, 5, 5, 5, 4, 4, 5, 4, 5, 5, 3, 5, 4, 5, 5, 5, 5, 4, 5, 4, 4, 2, 4, 2, 4, 4, 4, 5, 6, 4, 4, 4, 3, 4, 4, 5, 5, 5, 6, 4, 5, 5, 4, 4, 4, 5, 5, 6, 4, 6, 5, 5, 3, 5, 4, 3, 4, 4, 5, 4, 4, 4, 5, 4, 3, 4, 4, 5, 4, 5, 5, 4, 4, 4, 5, 4, 4, 5, 4, 4, 4, 4, 5, 4, 4, 5, 4, 4, 5, 4, 4, 4, 5, 5, 4, 5, 4, 4, 4, 3, 4, 4, 5, 4, 4, 4, 5, 4, 4, 4, 5, 3, 4, 5, 5, 3, 4, 3, 5, 5, 4, 4, 5, 4, 5, 4, 4, 5, 5, 4, 4, 6, 5, 5, 5, 5, 4, 4, 5, 4, 5, 4, 4, 4, 4, 5, 3, 6, 4, 5, 4, 4, 4, 4, 5, 4, 5, 4, 4, 5, 5, 5, 4, 3, 4, 3, 4, 5, 5, 4, 4, 4, 5, 5, 4, 5, 5, 5, 3, 5, 5, 4, 4, 5, 4, 4, 4, 5, 4, 4, 4, 5, 5, 6, 4, 4, 4, 3, 4, 4, 5, 5, 5, 5, 5, 5, 4, 4, 4, 4, 5, 5, 6, 4, 4, 5, 6, 4, 4, 5, 4, 6, 5, 5, 5, 5, 4, 5, 4, 4, 4, 4, 5, 4, 3, 5, 4, 4, 4, 5, 5, 4, 4, 3, 4, 4, 3, 4, 5, 3, 4, 3, 4, 4, 5, 5, 4, 4, 4, 3, 3, 4, 3, 5, 5, 4, 5, 5, 6, 5, 5, 5, 4, 4, 4, 4, 3, 3, 4, 4, 3, 3, 5, 4, 4, 4, 4, 4, 5, 4, 4, 4, 4, 4, 4, 4, 5, 5, 4, 5, 3, 5, 5, 5, 4, 4, 5, 5, 5, 4, 4, 5, 4, 4, 4, 4, 3, 3, 4, 4, 4, 4, 4, 5, 5, 5, 3, 5, 4, 4, 4, 5, 5, 4, 4, 4, 3, 4, 4, 4, 5, 4, 4, 4, 3, 5, 4, 4, 4, 4, 4, 5, 4, 6, 5, 5, 4, 6, 4, 4, 4, 5, 5, 4, 4, 5, 4, 5, 5, 4, 6, 5, 4, 6, 3, 4, 5, 5, 4, 4, 4, 5, 6, 4, 4, 3, 3, 5, 4, 4, 4, 4, 4, 6, 5, 4, 4, 4, 4, 4, 4, 3, 4, 3, 4, 5, 4, 5, 5, 4, 5, 4, 4, 4, 5, 4, 5, 5, 4, 3, 4, 5, 4, 3, 4, 4, 4, 4, 4, 4, 4, 3, 4, 3, 5, 4, 5, 5, 4, 5, 3, 4, 3, 4, 5, 5, 4, 4, 4, 4, 5, 6, 4, 4, 4, 4, 6, 4, 4, 4, 5, 5, 4, 4, 4, 5, 4, 5, 6, 3, 3, 3, 4, 4, 4, 4, 4, 5, 4, 6, 4, 5, 4, 4, 4, 4, 4, 3, 4, 4, 5, 5, 4, 4, 3, 5, 4, 3, 5, 4, 4, 5, 4, 4, 4, 5, 4, 4, 4, 5, 5, 4, 5, 5, 5, 4, 5, 4, 3, 4, 3, 4, 4, 4, 4, 4, 3, 4, 4, 4, 5, 4, 4, 4, 4, 4, 5, 5, 4, 4, 5, 5, 4, 4, 5, 5, 4, 5, 4, 3, 4, 4, 5, 3, 4, 5, 4, 3, 4, 4, 4, 4, 4, 4, 4, 5, 4, 4, 4, 4, 4, 3, 4, 4, 4, 3, 4, 5, 5, 3, 4, 4, 5, 6, 5, 4, 4, 4, 6, 5, 6, 4, 5, 4, 4, 4, 5, 5, 3, 4, 5, 5, 3, 4, 6, 3, 4, 5, 5, 5, 4, 5, 5, 5, 4, 4, 5, 4, 4, 5, 5, 4, 5, 4, 4, 5, 3, 5, 4, 3, 4, 4, 4, 4, 3, 3, 4, 5, 3, 6, 5, 4, 4, 3, 5, 5, 5, 4, 5, 6, 4, 5, 4, 3, 4, 4, 5, 5, 3, 4, 5, 4, 5, 3, 5, 4, 4, 5, 4, 5, 4, 4, 6, 4, 4, 5, 4, 5, 3, 4, 5, 4, 6, 3, 4, 5, 3, 5, 5, 5, 5, 6, 4, 4, 3, 5, 4, 4, 4, 3, 4, 5, 3, 6, 4, 4, 5, 4, 4, 5, 4, 4, 3, 3, 5, 4, 5, 4, 4, 5, 4, 4, 5, 4, 4, 4, 5, 4, 5, 3, 5, 5, 3, 5, 4, 4, 3, 5, 4, 4, 4, 4, 5, 3, 4, 5, 4, 5, 4, 4, 4, 5, 4, 5, 4, 5, 3, 4, 3, 4, 4, 4, 5, 4, 4, 4, 3, 5, 4, 4, 4, 3, 5, 4, 3, 4, 4, 5, 4, 4, 4, 5, 4, 4, 4, 5, 4, 5, 5, 5, 5, 5, 4, 5, 5, 4, 4, 5, 4, 4, 4, 3, 4, 4, 4, 6, 3, 4, 5, 4, 5, 5, 5, 4, 4, 5, 4, 6, 4, 4, 5, 4, 4, 4, 3, 3, 3, 4, 4, 4, 3, 5, 6, 4, 5, 5, 5, 3, 4, 4, 5, 3, 4, 3, 6, 4, 3, 5, 4, 5, 4, 4, 4, 4, 5, 5, 3, 3, 5, 4, 3, 5, 5, 5, 3, 5, 5, 4, 4, 3, 5, 5, 5, 4, 4, 4, 4, 5, 4, 4, 5, 5, 4, 4, 4, 4, 5, 4, 5, 3, 3, 5, 5, 4, 4, 4, 4, 4, 5, 4, 5, 5, 4, 5, 5, 5, 4, 4, 5, 4, 4, 4, 4, 4, 4, 4, 4, 4, 6, 3, 5, 4, 5, 4, 5, 4, 5, 4, 3, 4, 5, 6, 5, 4, 4, 4, 5, 4, 4, 5, 4, 4, 5, 4, 4, 5, 4, 5, 4, 5, 5, 5, 4, 6, 4, 4, 4, 5, 3, 5, 5, 5, 4, 3, 4, 5, 5, 4, 4, 4, 5, 5, 4, 4, 6, 5, 4, 5, 5, 4, 5, 4, 5, 4, 4, 5, 4, 4, 4, 5, 5, 6, 4, 4, 4, 4, 4, 4, 3, 5, 4, 4, 3, 4, 4, 4, 5, 4, 6, 5, 4, 5, 4, 4, 3, 4, 3, 5, 5, 4, 5, 4, 6, 4, 4, 3, 4, 4, 4, 5, 4, 5, 4, 5, 3, 3, 5, 5, 5, 5, 5, 4, 4, 5, 4, 3, 5, 5, 5, 4, 5, 3, 4, 4, 4, 5, 5, 4, 5, 5, 4, 4, 4, 4, 5, 5, 4, 5, 4, 4, 5, 5, 4, 4, 4, 4, 4, 5, 5, 4, 6, 3, 4, 5, 4, 4, 4, 5, 5, 4, 4, 6, 5, 5, 4, 4, 3, 3, 2, 4, 4, 4, 6, 5, 5, 4, 4, 4, 5, 5, 4, 5, 4, 3, 4, 4, 3, 5, 4, 4, 4, 4, 5, 5, 4, 4, 4, 5, 4, 4, 3, 5, 4, 4, 4, 4, 4, 5, 3, 5, 5, 5, 4, 3, 5, 3, 3, 5, 4, 4, 5, 4, 4, 4, 5, 4, 4, 3, 6, 4, 5, 4, 4, 5, 5, 4, 6, 4, 4, 5, 3, 5, 4, 5, 4, 4, 4, 4, 4, 4, 4, 4, 5, 4, 5, 3, 6, 5, 5, 4, 4, 6, 5, 5, 4, 5, 4, 5, 6, 5, 4, 5, 5, 5, 6, 4, 5, 5, 5, 5, 5, 5, 5, 4, 4, 4, 4, 6, 4, 4, 5, 5, 4, 3, 4, 5, 4, 4, 4, 4, 4, 4, 4, 5, 6, 4, 4, 4, 4, 4, 4, 6, 6, 4, 5, 4, 4, 4, 4, 6, 5, 4, 5, 4, 4, 4, 4, 4, 5, 5, 4, 5, 5, 5, 4, 5, 4, 3, 5, 5, 3, 5, 3, 4, 5, 3, 4, 3, 4, 4, 5, 4, 5, 4, 4, 4, 4, 5, 5, 3, 4, 5, 4, 4, 5, 4, 5, 5, 5, 4, 5, 4, 3, 3, 4, 5, 5, 4, 4, 4, 4, 4, 3, 5, 4, 5, 4, 4, 4, 4, 4, 5, 6, 4, 5, 6, 4, 5, 4, 4, 3, 4, 4, 5, 5, 4, 4, 4, 5, 4, 4, 4, 5, 4, 4, 4, 5, 4, 4, 5, 5, 5, 4, 4, 4, 4, 4, 4, 4, 4, 3, 4, 4, 4, 4, 4, 6, 5, 5, 5, 3, 5, 4, 6, 4, 5, 4, 5, 4, 5, 5, 5, 4, 4, 4, 4, 5, 6, 4, 5, 5, 5, 4, 6, 5, 4, 3, 4, 4, 4, 5, 4, 4, 4, 4, 4, 3, 4, 4, 4, 3, 4, 5, 6, 5, 4, 5, 4, 5, 5, 4, 4, 5, 4, 4, 4, 5, 5, 3, 4, 4, 4, 5, 5, 4, 5, 5, 3, 5, 5, 6, 5, 4, 4, 4, 5, 3, 5, 5, 4, 3, 4, 4, 3, 4, 4, 5, 4, 5, 4, 5, 4, 4, 5, 4, 4, 4, 5, 4, 4, 5, 5, 5, 4, 4, 4, 5, 5, 4, 5, 4, 3, 4, 3, 6, 5, 4, 4, 4, 4, 5, 3, 4, 5, 5, 5, 4, 4, 6, 4, 4, 4, 3, 4, 4, 4, 5, 4, 5, 5, 4, 4, 4, 4, 4, 4, 6, 4, 3, 4, 5, 5, 4, 5, 4, 4, 4, 4, 4, 4, 5, 3, 5, 3, 5, 6, 4, 3, 4, 3, 5, 5, 3, 4, 4, 5, 4, 4, 4, 4, 4, 6, 4, 4, 4, 5, 4, 4, 5, 4, 5, 4, 5, 4, 4, 4, 4, 4, 4, 6, 5, 3, 3, 4, 4, 4, 6, 4, 4, 4, 3, 5, 4, 5, 5, 6, 4, 2, 3, 5, 6, 3, 5, 3, 3, 3, 4, 3, 5, 5, 5, 5, 5, 4, 4, 4, 5, 6, 4, 6, 4, 5, 4, 5, 5, 5, 4, 4, 5, 4, 4, 4, 5, 4, 4, 4, 3, 4, 5, 4, 4, 5, 3, 4, 5, 5, 5, 5, 4, 5, 4, 4, 4, 4, 5, 5, 4, 4, 5, 3, 4, 4, 5, 4, 3, 5, 5, 5, 4, 5, 4, 6, 3, 4, 4, 4, 3, 4, 3, 4, 4, 4, 5, 4, 4, 4, 5, 4, 5, 3, 3, 5, 4, 4, 5, 5, 4, 4, 5, 5, 4, 3, 4, 4, 4, 3, 4, 4, 4, 5, 4, 3, 3, 4, 3, 4, 4, 3, 4, 5, 3, 4, 5, 6, 4, 4, 5, 6, 4, 4, 4, 4, 4, 4, 5, 5, 4, 5, 4, 4, 3, 5, 3, 4, 5, 5, 4, 4, 4, 3, 4, 5, 4, 5, 5, 4, 4, 5, 5, 4, 5, 4, 4, 4, 4, 4, 4, 4, 4, 4, 4, 5, 4, 4, 4, 4, 3, 5, 4, 4, 4, 4, 3, 4, 5, 4, 5, 5, 5, 4, 4, 5, 5, 4, 4, 5, 4, 4, 4, 6, 4, 4, 3, 4, 4, 4, 4, 5, 5, 5, 4, 5, 6, 4, 4, 5, 4, 5, 5, 4, 4, 3, 4, 4, 4, 6, 4, 4, 4, 5, 4, 4, 4, 5, 5, 4, 6, 5, 4, 3, 5, 4, 4, 5, 4, 5, 3, 3, 3, 6, 4, 4, 5, 4, 3, 4, 4, 4, 3, 5, 4, 4, 4, 4, 5, 5, 5, 5, 5, 4, 4, 5, 4, 4, 4, 5, 4, 4, 4, 4, 5, 5, 5, 4, 4, 4, 3, 4, 4, 4, 4, 5, 4, 4, 5, 4, 4, 4, 4, 4, 4, 4, 4, 4, 4, 5, 4, 4, 4, 5, 5, 4, 4, 3, 3, 6, 4, 4, 3, 4, 5, 4, 4, 4, 4, 5, 4, 4, 4, 5, 5, 4, 4, 5, 4, 4, 4, 4, 5, 4, 5, 4, 4, 5, 5, 4, 4, 3, 3, 5, 4, 5, 4, 6, 4, 4, 5, 5, 4, 4, 5, 3, 4, 5, 5, 4, 4, 6, 4, 5, 3, 5, 5, 4, 5, 5, 4, 4, 5, 6, 4, 5, 5, 4, 4, 3, 4, 4, 6, 4, 4, 4, 4, 5, 4, 4, 6, 4, 5, 4, 5, 5, 5, 4, 4, 6, 5, 3, 4, 5, 5, 5, 5, 4, 5, 4, 4, 4, 4, 4, 5, 3, 4, 3, 5, 3, 4, 4, 4, 4, 3, 3, 4, 4, 4, 6, 4, 5, 4, 5, 4, 5, 4, 4, 4, 5, 5, 4, 4, 4, 5, 4, 4, 5, 4, 4, 4, 4, 4, 3, 4, 4, 4, 3, 4, 5, 4, 5, 4, 4, 3, 5, 4, 4, 4, 4, 4, 4, 3, 5, 5, 5, 3, 5, 4, 4, 4, 4, 4, 4, 5, 4, 3, 5, 4, 5, 5, 4, 4, 4, 4, 4, 4, 5, 5, 3, 4, 5, 4, 4, 4, 4, 5, 3, 4, 5, 4, 4, 4, 5, 4, 5, 4, 4, 3, 4, 5, 4, 4, 3, 4, 4, 4, 5, 4, 6, 4, 4, 5, 3, 4, 4, 4, 5, 5, 4, 5, 4, 5, 4, 4, 5, 4, 5, 4, 4, 4, 6, 5, 4, 4, 4, 4, 6, 5, 4, 5, 4, 5, 4, 3, 5, 4, 4, 5, 4, 4, 5, 5, 4, 6, 5, 3, 5, 4, 5, 4, 3, 4, 5, 4, 4, 4, 4, 5, 5, 4, 4, 3, 4, 3, 4, 4, 5, 5, 6, 4, 3, 4, 4, 5, 5, 3, 4, 6, 4, 4, 4, 5, 4, 4, 4, 5, 5, 4, 4, 5, 4, 4, 3, 4, 4, 4, 3, 4, 3, 4, 4, 5, 4, 3, 3, 5, 3, 4, 5, 4, 5, 5, 5, 4, 4, 6, 5, 4, 4, 4, 5, 5, 5, 5, 5, 4, 5, 3, 4, 5, 4, 4, 5, 5, 4, 4, 4, 4, 4, 4, 5, 4, 4, 4, 4, 4, 4, 4, 5, 4, 4, 6, 4, 5, 3, 5, 4, 5, 4, 4, 3, 3, 4, 4, 5, 4, 4, 5, 5, 4, 6, 5, 4, 4, 4, 5, 5, 3, 4, 5, 5, 4, 4, 4, 3, 4, 5, 4, 5, 3, 4, 4, 4, 5, 5, 4, 5, 5, 5, 5, 5, 4, 6, 3, 4, 4, 4, 5, 3, 5, 5, 6, 4, 4, 5, 5, 4, 5, 4, 5, 4, 5, 5, 3, 4, 3, 4, 5, 4, 4, 5, 4, 5, 4, 4, 5, 5, 5, 4, 4, 4, 4, 4, 5, 5, 4, 4, 3, 5, 4, 5, 3, 6, 5, 5, 4, 3, 4, 5, 4, 4, 4, 4, 3, 3, 4, 3, 4, 4, 5, 5, 3, 3, 4, 4, 3, 5, 4, 3, 3, 3, 5, 4, 4, 4, 4, 5, 4, 4, 4, 4, 4, 4, 4, 4, 4, 5, 4, 5, 4, 4, 5, 5, 4, 4, 6, 5, 4, 3, 3, 4, 4, 6, 4, 4, 5, 5, 4, 4, 5, 4, 5, 4, 4, 4, 4, 4, 5, 4, 4, 4, 4, 4, 4, 4, 3, 3, 5, 4, 4, 5, 4, 5, 4, 3, 3, 3, 4, 5, 4, 4, 3, 5, 6, 4, 4, 4, 4, 5, 5, 4, 4, 4, 4, 4, 4, 4, 4, 4, 4, 4, 4, 4, 4, 4, 4, 4, 5, 5, 4, 4, 4, 4, 4, 5, 5, 3, 5, 4, 4, 4, 5, 4, 5, 4, 5, 4, 4, 6, 5, 5, 4, 4, 6, 5, 4, 4, 5, 6, 3, 5, 4, 4, 4, 4, 4, 4, 3, 3, 5, 3, 5, 4, 5, 5, 4, 4, 3, 4, 3, 5, 5, 4, 4, 5, 4, 5, 4, 4, 5, 4, 4, 5, 4, 6, 5, 4, 4, 3, 5, 4, 4, 5, 5, 3, 4, 3, 5, 4, 4, 4, 4, 5, 4, 5, 5, 4, 4, 5, 5, 4, 6, 4, 4, 5, 3, 5, 4, 5, 4, 5, 4, 4, 4, 5, 4, 4, 4, 5, 5, 3, 5, 5, 4, 4, 4, 3, 5, 4, 3, 4, 5, 4, 3, 4, 5, 4, 5, 4, 4, 5, 3, 5, 5, 5, 4, 5, 6, 3, 5, 4, 5, 5, 4, 3, 5, 4, 4, 4, 5, 3, 4, 4, 4, 5, 4, 4, 4, 5, 4, 5, 4, 6, 4, 4, 4, 4, 4, 3, 5, 3, 4, 3, 4, 4, 4, 4, 4, 4, 5, 5, 5, 5, 6, 5, 4, 5, 3, 5, 4, 4, 4, 3, 4, 5, 4, 5, 4, 4, 4, 5, 4, 4, 3, 4, 5, 4, 4, 5, 5, 4, 5, 4, 4, 3, 4, 5, 4, 4, 4, 4, 5, 4, 4, 5, 4, 5, 4, 5, 4, 4, 4, 4, 5, 4, 4, 5, 2, 4, 6, 4, 4, 4, 4, 5, 4, 4, 6, 5, 4, 4, 4, 5, 4, 5, 5, 3, 6, 5, 3, 5, 6, 4, 5, 4, 5, 5, 4, 4, 3, 4, 4, 4, 5, 4, 4, 4, 4, 5, 4, 5, 4, 4, 5, 5, 4, 5, 5, 4, 5, 4, 4, 5, 4, 5, 3, 4, 3, 5, 4, 4, 3, 4, 4, 5, 4, 5, 4, 4, 4, 4, 5, 4, 4, 4, 4, 5, 5, 4, 4, 3, 4, 5, 4, 4, 5, 4, 4, 5, 4, 4, 5, 4, 4, 6, 4, 4, 5, 5, 5, 4, 4, 4, 3, 5, 5, 4, 4, 6, 4, 4, 5, 4, 4, 6, 4, 4, 4, 3, 2, 4, 4, 5, 3, 6, 3, 4, 5, 3, 2, 4, 4, 5, 4, 4, 6, 4, 5, 3, 4, 4, 4, 4, 3, 4, 4, 5, 5, 5, 3, 5, 4, 4, 4, 4, 4, 4, 3, 5, 5, 4, 3, 4, 4, 3, 4, 4, 4, 6, 5, 4, 5, 4, 4, 4, 5, 5, 3, 5, 4, 4, 4, 5, 5, 4, 5, 5, 4, 4, 5, 4, 5, 4, 3, 4, 3, 5, 5, 4, 5, 5, 4, 4, 4, 5, 3, 4, 5, 4, 5, 4, 5, 3, 3, 4, 6, 3, 4, 4, 4, 4, 4, 6, 5, 4, 4, 4, 5, 4, 4, 5, 4, 4, 6, 6, 5, 4, 4, 5, 4, 4, 5, 4, 4, 5, 4, 5, 4, 3, 5, 6, 4, 5, 4, 5, 5, 5, 4, 5, 6, 6, 3, 5, 5, 4, 5, 4, 4, 6, 3, 4, 4, 6, 4, 4, 5, 3, 3, 4, 3, 4, 2, 4, 3, 4, 4, 5, 4, 3, 4, 3, 4, 4, 4, 4, 4, 5, 5, 6, 4, 5, 5, 4, 4, 4, 4, 4, 5, 3, 6, 4, 4, 4, 4, 4, 5, 5, 3, 5, 4, 5, 5, 4, 3, 5, 6, 5, 4, 5, 4, 3, 4, 4, 4, 4, 4, 4, 4, 4, 4, 4, 3, 5, 5, 5, 5, 5, 5, 5, 5, 4, 3, 4, 5, 4, 5, 4, 4, 5, 5, 4, 3, 5, 4, 5, 4, 4, 5, 4, 3, 3, 5, 4, 5, 4, 3, 5, 4, 3, 3, 3, 6, 5, 5, 3, 5, 4, 4, 6, 5, 5, 4, 4, 4, 4, 5, 4, 4, 5, 4, 4, 5, 4, 4, 4, 4, 4, 6, 4, 5, 4, 5, 3, 3, 4, 4, 4, 5, 5, 5, 6, 5, 5, 6, 4, 3, 3, 4, 5, 3, 3, 5, 4, 5, 4, 4, 5, 6, 2, 5, 5, 5, 4, 4, 4, 4, 4, 5, 5, 4, 5, 3, 4, 4, 4, 4, 6, 5, 5, 6, 5, 4, 5, 4, 4, 3, 4, 4, 3, 4, 3, 5, 5, 5, 4, 5, 4, 5, 5, 4, 3, 4, 5, 5, 6, 4, 4, 4, 4, 3, 4, 4, 4, 4, 4, 5, 4, 5, 4, 4, 4, 6, 6, 3, 4, 4, 4, 4, 4, 5, 5, 4, 4, 4, 5, 4, 4, 4, 4, 4, 5, 5, 3, 5, 5, 5, 4, 4, 6, 5, 4, 5, 4, 3, 4, 5, 5, 5, 4, 4, 4, 4, 4, 5, 4, 4, 5, 4, 4, 4, 6, 4, 3, 4, 4, 4, 4, 4, 4, 4, 5, 4, 5, 4, 5, 4, 3, 4, 4, 5, 5, 4, 5, 5, 4, 5, 4, 5, 4, 4, 3, 4, 5, 4, 5, 5, 6, 3, 4, 4, 5, 3, 4, 4, 5, 5, 5, 5, 5, 4, 4, 5, 4, 3, 4, 4, 4, 4, 4, 4, 4, 4, 5, 4, 3, 4, 5, 5, 5, 4, 4, 4, 3, 5, 5, 3, 3, 5, 3, 4, 3, 4, 4, 5, 5, 4, 5, 5, 6, 5, 5, 4, 5, 4, 4, 5, 4, 5, 4, 4, 2, 4, 4, 4, 5, 5, 4, 3, 4, 4, 5, 4, 3, 5, 4, 4, 5, 3, 6, 4, 4, 4, 4, 4, 5, 5, 4, 5, 4, 5, 4, 4, 4, 5, 5, 4, 4, 4, 5, 4, 4, 3, 4, 5, 4, 4, 4, 3, 5, 4, 4, 4, 4, 4, 6, 3, 3, 5, 4, 4, 4, 4, 4, 3, 4, 4, 3, 5, 4, 4, 4, 4, 4, 4, 5, 4, 4, 5, 4, 4, 4, 4, 5, 4, 4, 4, 3, 4, 4, 4, 4, 3, 4, 4, 4, 4, 5, 5, 5, 4, 3, 4, 5, 3, 5, 6, 5, 5, 4, 4, 4, 3, 5, 5, 4, 4, 6, 4, 5, 5, 4, 5, 4, 4, 5, 4, 4, 4, 5, 4, 5, 3, 4, 5, 4, 4, 4, 4, 5, 4, 4, 5, 4, 4, 3, 4, 4, 4, 4, 5, 3, 4, 4, 4, 4, 4, 4, 4, 5, 3, 5, 5, 3, 3, 3, 4, 4, 4, 4, 3, 3, 5, 5, 4, 5, 5, 4, 4, 4, 4, 5, 5, 6, 4, 5, 4, 4, 4, 4, 4, 4, 5, 4, 5, 4, 4, 3, 6, 5, 4, 5, 4, 4, 4, 5, 4, 4, 5, 5, 5, 5, 4, 5, 4, 3, 5, 5, 4, 3, 4, 5, 4, 3, 3, 5, 4, 5, 4, 4, 5, 4, 4, 5, 4, 4, 4, 3, 4, 5, 4, 4, 4, 5, 4, 4, 5, 5, 3, 5, 4, 4, 5, 6, 4, 4, 4, 5, 4, 5, 4, 4, 5, 4, 4, 4, 4, 5, 4, 4, 4, 5, 4, 4, 5, 4, 4, 4, 5, 5, 5, 5, 4, 4, 4, 5, 4, 4, 3, 4, 4, 3, 4, 5, 5, 4, 5, 4, 4, 4, 5, 4, 5, 5, 4, 5, 4, 4, 5, 5, 3, 5, 5, 4, 5, 4, 5, 4, 5, 5, 5, 4, 4, 5, 4, 5, 4, 6, 4, 4, 3, 4, 4, 4, 5, 4, 5, 5, 5, 5, 5, 4, 4, 4, 4, 4, 4, 4, 3, 4, 3, 4, 3, 4, 6, 5, 5, 3, 4, 5, 5, 4, 4, 6, 5, 5, 5, 5, 4, 4, 2, 5, 5, 4, 5, 3, 4, 5, 4, 4, 4, 4, 5, 4, 3, 4, 4, 5, 5, 5, 4, 5, 5, 4, 4, 4, 4, 3, 3, 5, 6, 5, 3, 4, 4, 4, 4, 4, 4, 4, 3, 6, 5, 4, 4, 4, 2, 5, 5, 4, 4, 4, 3, 4, 4, 5, 4, 5, 4, 5, 5, 5, 4, 4, 6, 4, 4, 5, 5, 4, 5, 5, 4, 4, 3, 5, 4, 5, 4, 6, 4, 3, 3, 3, 4, 4, 4, 4, 5, 4, 5, 5, 4, 4, 4, 4, 5, 4, 6, 3, 4, 4, 5, 4, 4, 4, 5, 4, 5, 3, 4, 4, 4, 4, 5, 4, 4, 4, 3, 5, 4, 5, 5, 4, 4, 5, 5, 4, 4, 4, 5, 5, 3, 4, 4, 5, 4, 3, 4, 4, 5, 4, 3, 4, 6, 4, 4, 5, 4, 4, 5, 4, 4, 3, 5, 4, 4, 5, 4, 5, 3, 5, 5, 3, 4, 3, 4, 5, 5, 4, 6, 3, 4, 3, 5, 4, 4, 5, 4, 6, 4, 4, 6, 4, 4, 5, 5, 4, 4, 4, 5, 4, 4, 4, 5, 5, 5, 5, 4, 6, 5, 5, 5, 5, 3, 4, 4, 4, 4, 5, 4, 4, 5, 5, 6, 4, 5, 6, 5, 4, 5, 3, 3, 4, 4, 5, 4, 4, 4, 4, 6, 5, 4, 4, 4, 3, 4, 5, 5, 4, 5, 5, 6, 4, 5, 5, 3, 4, 4, 4, 3, 5, 3, 5, 4, 5, 5, 4, 5, 4, 3, 4, 5, 5, 5, 4, 4, 5, 4, 4, 4, 5, 4, 5, 5, 5, 4, 3, 3, 5, 4, 5, 5, 5, 4, 4, 4, 4, 3, 5, 5, 4, 4, 5, 3, 5, 4, 3, 3, 5, 4, 4, 4, 4, 4, 5, 4, 4, 5, 4, 4, 4, 5, 5, 3, 4, 4, 5, 4, 5, 5, 4, 4, 6, 3, 4, 4, 5, 4, 5, 3, 4, 4, 4, 4, 5, 4, 4, 5, 4, 3, 4, 3, 4, 6, 3, 4, 4, 4, 3, 5, 4, 6, 4, 4, 4, 5, 5, 5, 4, 3, 5, 5, 5, 5, 4, 4, 4, 4, 5, 5, 5, 4, 3, 6, 4, 5, 4, 5, 5, 5, 3, 4, 5, 4, 4, 5, 4, 5, 5, 4, 4, 4, 5, 5, 4, 5, 4, 4, 4, 6, 5, 4, 6, 4, 4, 4, 4, 4, 5, 5, 4, 4, 4, 4, 4, 4, 4, 4, 4, 4, 4, 4, 4, 5, 3, 5, 4, 4, 3, 4, 4, 5, 6, 4, 4, 4, 5, 6, 5, 5, 5, 4, 4, 4, 3, 4, 5, 5, 5, 4, 5, 5, 5, 5, 4, 4, 3, 4, 4, 4, 4, 4, 5, 4, 4, 4, 3, 4, 4, 5, 4, 2, 4, 4, 5, 5, 5, 5, 5, 4, 4, 4, 4, 4, 3, 4, 4, 4, 4, 4, 4, 3, 3, 4, 4, 3, 4, 4, 5, 3, 4, 5, 4, 3, 6, 5, 4, 5, 5, 5, 3, 4, 4, 4, 4, 5, 4, 5, 4, 5, 6, 4, 3, 4, 5, 4, 5, 5, 4, 4, 3, 4, 4, 3, 4, 4, 4, 4, 6, 5, 5, 5, 4, 5, 4, 4, 4, 4, 5, 3, 5, 5, 4, 4, 5, 4, 3, 4, 4, 5, 5, 3, 3, 4, 4, 5, 4, 5, 4, 4, 4, 5, 5, 3, 4, 5, 5, 4, 4, 5, 4, 5, 4, 4, 4, 4, 4, 4, 4, 4, 4, 4, 4, 4, 4, 5, 4, 3, 6, 4, 5, 6, 4, 4, 4, 4, 4, 4, 5, 4, 4, 4, 4, 5, 4, 5, 4, 5, 5, 4, 5, 3, 4, 4, 4, 4, 4, 5, 3, 5, 5, 5, 4, 4, 3, 4, 4, 5, 5, 5, 4, 4, 5, 4, 4, 5, 4, 4, 4, 4, 5, 4, 4, 5, 3, 4, 4, 4, 4, 6, 4, 4, 4, 4, 4, 4, 4, 4, 4, 5, 5, 4, 3, 4, 3, 4, 6, 4, 3, 5, 3, 5, 4, 4, 4, 3, 6, 4, 4, 4, 4, 4, 5, 5, 4, 5, 4, 4, 5, 4, 3, 3, 5, 4, 2, 3, 4, 5, 4, 5, 4, 4, 5, 4, 5, 4, 4, 4, 5, 4, 4, 5, 5, 4, 4, 5, 3, 5, 4, 4, 4, 4, 5, 5, 4, 4, 4, 5, 4, 6, 4, 3, 4, 4, 5, 4, 5, 4, 5, 4, 4, 5, 5, 3, 5, 4, 4, 4, 4, 5, 3, 4, 4, 4, 5, 5, 5, 3, 4, 5, 4, 5, 4, 4, 3, 4, 4, 6, 4, 4, 3, 4, 4, 4, 4, 3, 4, 4, 4, 4, 6, 4, 5, 4, 3, 4, 5, 5, 4, 5, 3, 4, 3, 5, 4, 4, 4, 4, 4, 5, 5, 5, 5, 5, 3, 4, 4, 5, 4, 6, 4, 5, 4, 4, 6, 4, 4, 2, 4, 4, 4, 5, 4, 5, 4, 5, 5, 6, 3, 3, 4, 4, 4, 3, 5, 4, 5, 4, 4, 5, 3, 4, 5, 4, 4, 5, 4, 5, 4, 3, 4, 4, 4, 4, 3, 4, 4, 6, 4, 4, 4, 5, 4, 4, 4, 5, 4, 3, 5, 4, 5, 4, 4, 4, 4, 4, 4, 4, 3, 5, 4, 4, 5, 5, 4, 5, 5, 4, 5, 4, 4, 4, 4, 5, 5, 5, 4, 4, 5, 5, 4, 6, 5, 5, 4, 3, 5, 5, 5, 4, 4, 4, 3, 5, 5, 5, 6, 5, 4, 4, 4, 6, 4, 5, 5, 3, 4, 5, 3, 4, 4, 5, 5, 5, 3, 4, 4, 4, 4, 3, 4, 4, 5, 3, 4, 5, 4, 4, 4, 4, 5, 3, 3, 4, 5, 4, 5, 5, 4, 5, 4, 5, 3, 5, 5, 5, 4, 3, 4, 4, 4, 4, 5, 4, 4, 5, 3, 3, 3, 5, 5, 4, 4, 4, 4, 4, 3, 4, 4, 4, 4, 3, 4, 4, 3, 4, 4, 3, 5, 3, 4, 4, 4, 4, 4, 5, 3, 4, 3, 5, 4, 3, 4, 5, 4, 3, 4, 3, 4, 3, 5, 5, 5, 5, 4, 5, 4, 4, 5, 4, 5, 5, 5, 4, 4, 5, 5, 3, 5, 4, 4, 4, 5, 4, 4, 3, 4, 4, 5, 4, 4, 4, 5, 5, 4, 3, 4, 3, 6, 6, 5, 5, 4, 4, 5, 5, 4, 3, 4, 4, 4, 5, 5, 4, 6, 4, 4, 5, 5, 3, 4, 3, 4, 4, 4, 4, 4, 5, 4, 4, 5, 5, 3, 4, 4, 4, 5, 4, 5, 4, 4, 4, 4, 6, 3, 4, 4, 4, 5, 5, 3, 5, 4, 5, 4, 4, 5, 4, 3, 4, 4, 5, 4, 4, 3, 4, 5, 4, 4, 4, 4, 4, 6, 4, 5, 5, 4, 5, 4, 3, 5, 3, 4, 6, 4, 5, 5, 4, 4, 5, 4, 4, 5, 4, 4, 4, 4, 5, 6, 4, 3, 4, 5, 4, 4, 3, 5, 4, 4, 4, 4, 4, 4, 4, 4, 5, 4, 4, 6, 6, 5, 5, 4, 5, 5, 4, 3, 4, 4, 4, 5, 5, 5, 4, 5, 4, 4, 4, 6, 5, 5, 4, 4, 4, 5, 5, 5, 4, 5, 4, 5, 4, 4, 3, 4, 4, 5, 5, 4, 3, 4, 4, 4, 4, 4, 4, 4, 4, 4, 4, 4, 5, 5, 5, 4, 5, 3, 4, 4, 4, 4, 4, 5, 4, 3, 4, 5, 4, 4, 3, 5, 5, 4, 4, 4, 5, 4, 3, 4, 3, 4, 5, 4, 5, 5, 4, 5, 4, 5, 5, 4, 4, 5, 5, 5, 4, 4, 5, 4, 6, 5, 6, 4, 5, 4, 4, 4, 4, 3, 4, 5, 4, 4, 4, 5, 4, 4, 4, 4, 4, 4, 5, 3, 4, 4, 4, 4, 5, 5, 4, 3, 4, 4, 5, 4, 5, 4, 5, 5, 5, 4, 4, 4, 3, 5, 4, 3, 5, 3, 5, 4, 4, 3, 4, 4, 4, 6, 4, 4, 5, 4, 5, 4, 4, 3, 4, 4, 5, 4, 4, 4, 4, 4, 3, 4, 4, 4, 4, 5, 5, 3, 4, 4, 3, 4, 4, 5, 5, 4, 3, 4, 4, 5, 3, 4, 5, 4, 4, 4, 4, 6, 4, 3, 6, 5, 5, 4, 4, 5, 3, 4, 5, 5, 5, 4, 4, 4, 5, 4, 3, 4, 4, 4, 4, 5, 3, 5, 4, 5, 4, 3, 4, 4, 4, 4, 3, 4, 4, 4, 5, 5, 4, 5, 5, 4, 4, 3, 4, 4, 5, 4, 6, 5, 5, 3, 4, 4, 4, 6, 4, 4, 6, 4, 4, 3, 5, 3, 4, 4, 4, 5, 5, 4, 6, 4, 4, 4, 4